ca.pjer	ocm	0.1.0		21c27f884eb015c2fa7b4e5c1c1f2c8596f2d02c
ca.pjer	ocm	0.1.1		8f9473d55feb52a2bbbef114fa68dc7903a200a8
cn.dev33	sa-token-spring-el	1.40.0		8b137aaa37bddd193d5c357f6ecf39f31763d376
cn.dev33	sa-token-spring-el	1.41.0		baeab37b0c185a79be56628706eaff3cb7cb8e3d
cn.dev33	sa-token-spring-el	1.42.0		5d0f3cee6e3693f8579c9eb515078ace90773b4e
cn.dev33	sa-token-spring-el	1.43.0		1cecb7d48d4bc5465a6bd5d036fe3c75d3ea1062
cn.pivoto.polaris.toolkit	polaris-crypto	2.0.2		61dee1a895f1d94ce3806263dc06cdd75d28920b
cn.pivoto.polaris.toolkit	polaris-crypto	2.0.3		28080d3a9e34a227e100e0315f6c332018886f6a
cn.pivoto.polaris.toolkit	polaris-crypto	2.0.4		952dce2d5ff4208198ab2e09e3e9ecd2451f127d
cn.pivoto.polaris.toolkit	polaris-crypto	3.0.1		549f6364c50680ec834054e730f560f74f2fdd1b
cn.pivoto.polaris.toolkit	polaris-crypto	3.1.0		e233ae0f0ac6dc0222215bee6fca2dea0a460d1c
cn.pivoto.polaris.toolkit	polaris-crypto	3.1.1		24a64cf345251e8b9ebdd8f7c9dc7ba0f8a2263f
cn.pivoto.polaris.toolkit	polaris-crypto	3.1.10		e130c635b176f08812f7eacd79447487310ab008
cn.pivoto.polaris.toolkit	polaris-crypto	3.1.11		2f377163460b380cda7f8f1fc97d71b77ce8572f
cn.pivoto.polaris.toolkit	polaris-crypto	3.1.12		b2d8ab4df90c3cfb71087156aa325964f44d536c
cn.pivoto.polaris.toolkit	polaris-crypto	3.1.13		6e9558f964c8078175f81909862d2a04c1003aeb
cn.pivoto.polaris.toolkit	polaris-crypto	3.1.14		a6ca33cc7e48d3e34397e3c6c6061c4dfd4f6c94
cn.pivoto.polaris.toolkit	polaris-crypto	3.1.15		a770688e42f7443714d2b157990c2cec9f15ca57
cn.pivoto.polaris.toolkit	polaris-crypto	3.1.16		0f006d0dd85b7845c3d794e4ca03b812edf22a9f
cn.pivoto.polaris.toolkit	polaris-crypto	3.1.17		c920e9921a5e35b12c053c405c6311d28f4ddecf
cn.pivoto.polaris.toolkit	polaris-crypto	3.1.18		33b3747a05022db6eb8e1a033cd9fc5c0dacaf4d
cn.pivoto.polaris.toolkit	polaris-crypto	3.1.19		af52d9a4a8ad9afd91ed49b7171189b95d0624db
cn.pivoto.polaris.toolkit	polaris-crypto	3.1.2		2c16ee9ca1e61033fad8e758c671b0e00ce94a5e
cn.pivoto.polaris.toolkit	polaris-crypto	3.1.20		a8c7b475a51b505775a2e87d489c05bc26de2a5f
cn.pivoto.polaris.toolkit	polaris-crypto	3.1.21		45274572d695d9f2b5cdaf5859b74e85e1d089cb
cn.pivoto.polaris.toolkit	polaris-crypto	3.1.22		6d27c19548a03fbfd16d8f78f02f38579b5259c8
cn.pivoto.polaris.toolkit	polaris-crypto	3.1.23		a9bd3e5cf7b8089c136c1c9c527a46867133076d
cn.pivoto.polaris.toolkit	polaris-crypto	3.1.24		d5533fab1de59dc4b7844ffa00287e79d75b85d1
cn.pivoto.polaris.toolkit	polaris-crypto	3.1.25		1f7db39b14eb40605dda77ba41a51c4fe87deb2d
cn.pivoto.polaris.toolkit	polaris-crypto	3.1.26		79d4358827979e9dc27c08fd40450c3a378279ce
cn.pivoto.polaris.toolkit	polaris-crypto	3.1.27		c9d4c016c2b3c6393212bde0b0656b0a456e77c3
cn.pivoto.polaris.toolkit	polaris-crypto	3.1.28		0456cb627e7458a959b2f2d7c83308a4d9892bbc
cn.pivoto.polaris.toolkit	polaris-crypto	3.1.29		cc43bce07161f950d2828df51973600a4d71ccc6
cn.pivoto.polaris.toolkit	polaris-crypto	3.1.3		4215c5352314964259b90547bca80744d2352f5e
cn.pivoto.polaris.toolkit	polaris-crypto	3.1.30		224ddb422ce4ccdf5bd7ca70b9953fe1300981cb
cn.pivoto.polaris.toolkit	polaris-crypto	3.1.31		572e60deae0b2fe54241eb0299066561996f5153
cn.pivoto.polaris.toolkit	polaris-crypto	3.1.32		08d2c915e78d06dd8a101ca572ed4f63b8628673
cn.pivoto.polaris.toolkit	polaris-crypto	3.1.33		714b436d0c1919860b9de1a236147fd7e5f3755c
cn.pivoto.polaris.toolkit	polaris-crypto	3.1.34		d4a00d984343c40b145d35a597ed614785a75836
cn.pivoto.polaris.toolkit	polaris-crypto	3.1.35		abbab987a511328f0107978e52300b724af7ce31
cn.pivoto.polaris.toolkit	polaris-crypto	3.1.36		1bb2a81cb78700aecaaf657c3ec90860e2aa262f
cn.pivoto.polaris.toolkit	polaris-crypto	3.1.37		65500df5a29a6d6f553d923da640cf9783760e52
cn.pivoto.polaris.toolkit	polaris-crypto	3.1.38		72c5574f335cb1d3f19bbbdf248f434463ce1e1c
cn.pivoto.polaris.toolkit	polaris-crypto	3.1.39		0e35347c375e6ce2790977bdbe36929be235b8bf
cn.pivoto.polaris.toolkit	polaris-crypto	3.1.4		8693a334743bdf1eb80ebe3718fa0eb2b107bc68
cn.pivoto.polaris.toolkit	polaris-crypto	3.1.40		483d48723626fd13b71a5bb788cdd8401a4295a6
cn.pivoto.polaris.toolkit	polaris-crypto	3.1.41		cbc56af4e537059e7272aaa112914ae09e727d15
cn.pivoto.polaris.toolkit	polaris-crypto	3.1.42		54aacaeac9a93067d7ba606bee288d04c11852da
cn.pivoto.polaris.toolkit	polaris-crypto	3.1.43		0f4adcd055173106a045d7f3ae2344198e8b6b28
cn.pivoto.polaris.toolkit	polaris-crypto	3.1.5		63843d98fede8989acb9cf726877cf9fca1e0bb8
cn.pivoto.polaris.toolkit	polaris-crypto	3.1.6		ce4ef73fdff4be2feb3eb01948d5b6384c1e4985
cn.pivoto.polaris.toolkit	polaris-crypto	3.1.7		3d22c324a6fcdfffa64f4fdf99eae1f15804a937
cn.pivoto.polaris.toolkit	polaris-crypto	3.1.8		3c01ec4f00c06b3c98f51acc8705147fa9457140
cn.pivoto.polaris.toolkit	polaris-crypto	3.1.9		2d12d7dbf54bd25519e614c13100a7bf89f35825
cn.pivoto.polaris.toolkit	polaris-crypto	3.2.0		222a0b594e729ab82f8265d5ee064b256a421f0b
cn.pivoto.polaris.toolkit	polaris-crypto	3.2.1		eba572771bc35b47b468d3b49e79a3a4447bba95
cn.pivoto.polaris.toolkit	polaris-crypto	3.3.1		2b2179dae1d0f087228ff775f422a36e38caec88
cn.pivoto.polaris.toolkit	polaris-crypto	3.3.2		7e1f5ae0f2ad6787f2c5e58f4f494799385668ba
cn.pivoto.polaris.toolkit	polaris-crypto	3.3.3		6df4f1783c81c4da87e0af60b15f774b67c08abf
cn.pivoto.polaris.toolkit	polaris-crypto	3.3.4		267e9f1387091101c3192c94563c3f4e71704cb9
cn.pivoto.polaris.toolkit	polaris-crypto	3.3.5		b2330a43a791f8014571f99b33065c24a3558578
cn.pivoto.polaris.toolkit	polaris-crypto	3.3.6		05bb242d920f48c5d7a6eac5187c0a95c2a519b1
cn.pivoto.polaris.toolkit	polaris-crypto	3.3.7		e40e13a2dc863489d684afcdc7db1c5272b7d0af
com.3pillarglobal.labs	spring-data-simpledb-parser	1.0		c80bbc87cefec54251c7abb04df62ba51c23177c
com.3pillarglobal.labs	spring-data-simpledb-parser	1.0.1		655dd932768b3f21bb1f9000f0a372229a21c813
com.adgear	anoa-maven-plugin	3.0.0		477c7daa19a0ccb70454e9fb03c0c1736210c824
com.adgear	anoa-maven-plugin	3.0.0-beta-1		834b40dcb6c0840f8261b774e492e6d7d77e862b
com.adgear	anoa-maven-plugin	3.1.0		bfad6ac7bc015ce2eb1bed883e75ba248acd1e36
com.adgear	anoa-maven-plugin	3.1.1		6c706e1550a6ad47d1f2acfb1642bb8ea0559d32
com.adgear	anoa-maven-plugin	3.1.2		4f64cff0dc526563a0645442a8be681979aad0e3
com.adobe.granite.tools	com.adobe.granite.tools.fileinstallertool	6.3.0		23e9bd9117c254f407a1310b82770c68d38878e7
com.adyen.checkout	action-core	5.0.0		N/A
com.adyen.checkout	action-core	5.0.0-alpha02		N/A
com.adyen.checkout	action-core	5.0.0-beta01		N/A
com.adyen.checkout	action-core	5.0.1		N/A
com.adyen.checkout	action-core	5.1.0		N/A
com.adyen.checkout	action-core	5.10.0		N/A
com.adyen.checkout	action-core	5.2.0		N/A
com.adyen.checkout	action-core	5.3.0		N/A
com.adyen.checkout	action-core	5.3.1		N/A
com.adyen.checkout	action-core	5.4.0		N/A
com.adyen.checkout	action-core	5.5.0		N/A
com.adyen.checkout	action-core	5.6.0		N/A
com.adyen.checkout	action-core	5.7.0		N/A
com.adyen.checkout	action-core	5.7.1		N/A
com.adyen.checkout	action-core	5.8.0		N/A
com.adyen.checkout	action-core	5.9.0		N/A
com.adyen.checkout	action-core	5.9.1		N/A
com.aliyun	captcha20230305	1.0.0		2b699a6e15a2224782c74e65a2728ab981141dfd
com.aliyun	captcha20230305	1.0.0	shaded	d487e0bea1fd4ebf859dcbc75fc4abad683ea921
com.aliyun	captcha20230305	1.0.1		949c895fcaecbd9fcf430f902d4f28ae958c1629
com.aliyun	captcha20230305	1.0.1	shaded	25ddf1a669e3342fb8aad52a217bd4a5d4389c46
com.aliyun	captcha20230305	1.1.0		71a97e7defb41964d58d6954633e91f91eac87b6
com.aliyun	captcha20230305	1.1.0	shaded	12b1f64f65c2d05b360d2902ee8918d11edf6cb6
com.aliyun	captcha20230305	1.1.1		0390abef244727d55e115f64e663d306bd683e9e
com.aliyun	captcha20230305	1.1.1	shaded	9b9fcfdf787098df835372f0895569b8714b1303
com.aliyun	captcha20230305	1.1.2		4f7cc2aa0aa9f920df76f76444222c126aea945a
com.aliyun	captcha20230305	1.1.2	shaded	10d33f5bdebe8e809083ef470f7e23f076ad87e2
com.aliyun	captcha20230305	1.1.3		22b0131248b43d14bb3695de512a630d3d5d7493
com.aliyun	captcha20230305	1.1.3	shaded	2188edfe82bb5b5e50818d4712966bbab6724dec
com.att.nsa	saToolkit	0.0.1		e85750291083ac7341330016e61c39784d379bef
com.att.nsa	saToolkit	1.2.0-oss		7cefd2ef2361811856947549aa654882d927e423
com.avito.android	report-api	2021.15		eb72d1b72fbb8ef018cee81cff66313017cc5e8b
com.avito.android	report-api	2021.15.1		9eb33a3f11ba88e5ef76c49a706f0f959dc017a5
com.avito.android	report-api	2021.16		79b053624d4708138cc70dca67bf19c9e5cecc63
com.avito.android	report-api	2021.17		18e946bb4d819b405a4cf46bdfca19b71071bda9
com.avito.android	report-api	2021.18		5203495fb553a3eb96c7ad57a9d8cc1485288007
com.avito.android	report-api	2021.19		f02e0ceaf307e0b9fca6e78e5421903eb4d96fda
com.avito.android	report-api	2021.20		8e7138c86d38ab866b057e23becea65145d68c84
com.avito.android	report-api	2021.21		5a1e225332a88c78050b5279ca0df0760dc3defd
com.avito.android	report-api	2021.22		c0308268fb8788b68d83ae5f2bdef7477c2d86e2
com.avito.android	report-api	2021.23		ae4a2778ad058b84b47d5db075a9468c290a9037
com.avito.android	report-api	2021.24		657588f3d9a3bca2d7c86734be16341ab6376ffe
com.avito.android	report-api	2021.25		7ea9f7cd527f3f96f4002a799148d2e64c880901
com.avito.android	report-api	2021.26		65a678deaa4ff4d4adda271367c7318936314e4b
com.avito.android	report-api	2021.27		701e502ec7c336d3c66e46817ed04cbdc4ef7d96
com.avito.android	report-api	2021.28		6c5780e0fe56ae9f96c6dacf55959bf9f70401b0
com.avito.android	report-api	2021.29		fda787ec55e54f025412f135a1130b020b686087
com.avito.android	report-api	2021.30		518b1b4c797b98e5e04c934d20974cfd77a4bd7b
com.avito.android	report-api	2021.31		ff468d5b77328afbd5957390ef415131eced37cf
com.avito.android	report-api	2021.31-agp7		173a9ca01a13c4bdca77478c041797003a76f2b6
com.avito.android	report-api	2021.32		61c91cd0350060907efa8aec2d075a9db2419421
com.avito.android	report-api	2021.32-agp7		7598aad4835a13ff7998f3e0bad29400df3a357a
com.avito.android	report-api	2021.32-rc-1		5df5e1ac681b7deb91a3d2b386bdac119c14f56d
com.avito.android	report-api	2021.33		cd4af0634a61f6633bdc72765f7edf2e8974b1f4
com.avito.android	report-api	2021.34		3dd0b585b6b927bf247be7b22cb657570c110d55
com.avito.android	report-api	2021.35		85fde54fe0a56454e119f0df09ea5f9a96f91855
com.avito.android	report-api	2021.36		cb4548877f980cf47f88597c592b75994dfeee24
com.avito.android	report-api	2021.37		09eed60b9bbd3dddbd9fab45f511ccafaf9cb30d
com.avito.android	report-api	2021.37.1		c7972ab5a09fe275c52abdcd27ef8250bdaa37e9
com.avito.android	report-api	2021.38		789895241448d16a295c8dbde4540d99cbbebcef
com.avito.android	report-api	2021.39		6666e73f5c283415e03fd8e16e9af61001317b86
com.avito.android	report-api	2021.40		8d4d657c980b697c394d8a59e939395392e134cd
com.avito.android	report-api	2021.41		c203baade77fcabc576338e0f2a0850776ff257d
com.avito.android	report-api	2021.42		0d7d253fda3c9796ade215b870c7274daf082f5b
com.avito.android	report-api	2022.1		6d3bb318a1dfe4f5e8736cd900638537ea4c613c
com.avito.android	report-api	2022.12		3a017aa43b836bde0655661be6005d0f8c14cff9
com.avito.android	report-api	2022.14		850035e955d6ebcb6ecc891944eab1b7fc48533e
com.avito.android	report-api	2023.15		fe5dc37df364d81e0f159317adad4d1b74b05a4a
com.avito.android	report-api	2023.19		1a5abe5e6dde5169f06adecb49d0ffc228135161
com.avito.android	report-api	2023.2		51622690cf950a66ea181710f6d59ebc542a5281
com.avito.android	report-api	2023.20		04b7705ce8d53a47b0cef36c7aad734035362986
com.avito.android	report-api	2023.22		3de166bc8b24ba7ed49be18297decd717a67b25c
com.avito.android	report-api	2024.32		e1198e22ece20916b65ab46d2d5e6ff539180c0d
com.bitplan.can4eve	com.bitplan.can4eve.can4eve	0.0.5		5aca207ca936ce62821d07fbdcb55eed599b9218
com.bitplan.can4eve	com.bitplan.can4eve.can4eve	0.0.5	jar-with-dependencies	fd6bf34c090f51a74df04b2e3a164f0507b3ef0c
com.brvith.orchestrator	orchestrator-adaptors-rest	1.0.0		d607991043f9f6d459ff716019e8730262d37b5f
com.brvith.orchestrator	orchestrator-adaptors-rest	1.0.1		6da1aae81bb1c90c988a6c41aedf0a7105c9e78b
com.brvith.orchestrator	orchestrator-adaptors-rest	1.0.2		8b587c078815d020b1609777c1b14ddee160f1b7
com.buschmais.jaxbfx	jaxbfx-plugin	1.0.0		fe55dd3974c2c5dcfff91389939751b2c30de291
com.buschmais.jaxbfx	jaxbfx-plugin	1.0.1		e937515319add8a5f18aeb1f29df1b17a17f0414
com.buschmais.jaxbfx	jaxbfx-plugin	1.1.0		723115778af75da63daf2c47d4e8db5ca5f9965c
com.buschmais.jqassistant.core	schemata	1.10.0		f61e7f8efaf19ec25c182fc9e070d9b7ffdaeb43
com.buschmais.jqassistant.core	schemata	1.10.0-ALPHA1		713f66bafeb3f640e9f4bd262926e987ff5e5960
com.buschmais.jqassistant.core	schemata	1.10.0-RC1		27a7c5590ec080a98b447216c5c80dc74311e738
com.buschmais.jqassistant.core	schemata	1.10.1		c491dc72002ff1efccd8b9ab49cac59759782128
com.buschmais.jqassistant.core	schemata	1.11.0		e2a6e20c498849071da598ef0934717c456d7491
com.buschmais.jqassistant.core	schemata	1.11.0-RC-1		024669602a46331b454b8e0a7496ebf6aea55e9e
com.buschmais.jqassistant.core	schemata	1.11.1		a5ece6ba1938c0282dbb0b0d2f978deaf874442b
com.buschmais.jqassistant.core	schemata	1.12.0		47d475d9721f3453aaad14ecd1895d6878f74fa6
com.buschmais.jqassistant.core	schemata	1.12.0-M1		b724994da2619103c3f24aebde606b403f111056
com.buschmais.jqassistant.core	schemata	1.12.1		191dc6425075e04bd4e94a7157308c600e931a41
com.buschmais.jqassistant.core	schemata	1.12.2		e49d608dc9e91ece710a7641aad75ac88b3bfec5
com.buschmais.jqassistant.core	schemata	2.0.0		adec222f4fe0ab5ae5f093aee68447cadc26e429
com.buschmais.jqassistant.core	schemata	2.0.0-M1		52787caeec96db682de0dbd4f4df00aa469f46f8
com.buschmais.jqassistant.core	schemata	2.0.0-M2		adbb7ef39d988f6a8bcbb20c1fc485a76207fa30
com.buschmais.jqassistant.core	schemata	2.0.0-M3		7ef947cd6c5bccb8c446d95450dd135bf2dc8320
com.buschmais.jqassistant.core	schemata	2.0.0-M4		f5c3f2a247330fc7ed27d918fa80725f8f038b6b
com.buschmais.jqassistant.core	schemata	2.0.0-RC1		684d180e4a59531780581e9eaef37670c43d123b
com.buschmais.jqassistant.core	schemata	2.0.0-RC2		6a13d4f8d492b09984c276582b304d59f049703d
com.buschmais.jqassistant.core	schemata	2.0.1		4f73a5c0f3ad4a7811a56a55e9b20fe7c4f430d1
com.buschmais.jqassistant.core	schemata	2.0.10		067ba96e606d3bb297b268655ab690ba85eb417f
com.buschmais.jqassistant.core	schemata	2.0.2		df3881ff7423853e0974c5cca6d93e961c0487a4
com.buschmais.jqassistant.core	schemata	2.0.3		0f6592e3e15114f414a3ba143c3a6eb341ad2e7e
com.buschmais.jqassistant.core	schemata	2.0.4		887b97b61d7cc1bdc107ca281c98b70e6dd12ac6
com.buschmais.jqassistant.core	schemata	2.0.5		3f5f8ac249f15c2880eeac1d530da42dff8bc2af
com.buschmais.jqassistant.core	schemata	2.0.6		e6933b30986646267f19b685e5d354f4e0d7b027
com.buschmais.jqassistant.core	schemata	2.0.7		7b171c30e2f1c587f923cdd5e87cb9537cbe8f43
com.buschmais.jqassistant.core	schemata	2.0.8		58a3c5d10f75401a84eb01bbca380c88f9292a72
com.buschmais.jqassistant.core	schemata	2.0.9		1f003c393d81263bb74e75e6333b2f5922f7b649
com.buschmais.jqassistant.core	schemata	2.1.0		9d61e61970ee2e7d2309b7dca81ccee4e691447b
com.buschmais.jqassistant.core	schemata	2.1.0-M1		f4bb7540a08d056745276d1425c8263fcdb19ca4
com.buschmais.jqassistant.core	schemata	2.1.0-RC1		1ea8928ebd0b198853a4b5e59bef27f821623c41
com.buschmais.jqassistant.core	schemata	2.1.0-RC2		65cb9cf96f11cab1437fdfbc5984bbf182797583
com.buschmais.jqassistant.core	schemata	2.2.0		1eb2febd8d4db6b3f18b30e78d73404fb9265917
com.buschmais.jqassistant.core	schemata	2.2.0-M1		fb555406f08dc7f4d1df09c52e20758d78e8d1ac
com.buschmais.jqassistant.core	schemata	2.2.0-M2		16242f1e2b278f1583001780b7f137fc6f0e47f5
com.buschmais.jqassistant.core	schemata	2.2.0-RC1		3d8d7c2cf3b14a7133b96a32e446e5e043fb2fda
com.buschmais.jqassistant.core	schemata	2.2.1		4ccb0be17209f5c82ea45394e91ef38f5ea36148
com.buschmais.jqassistant.core	schemata	2.3.0		6f24065b0ed813b1e7a6e2aef9e08c06df784ae8
com.buschmais.jqassistant.core	schemata	2.3.0-M1		e7f3bdca431b5f3a1f7458f38a52e7f65f6b5d8d
com.buschmais.jqassistant.core	schemata	2.3.0-M2		5d1ff76a84d14a1901d2c71fc6984e8b44fe7a03
com.buschmais.jqassistant.core	schemata	2.3.0-M3		145577cca0fa22d09d0502398759dabceb14f848
com.buschmais.jqassistant.core	schemata	2.3.0-M4		9b7fb600c4e4d831711f17ae8476661dc474f3e2
com.buschmais.jqassistant.core	schemata	2.3.0-M5		b02d4478f8dbdf0a9d56608879a3d2af323f7262
com.buschmais.jqassistant.core	schemata	2.3.0-RC1		e93db430fb6dd4bea6233d2485388e0935ca31e2
com.buschmais.jqassistant.core	schemata	2.3.0-RC2		98c6a1dff0a4e7be564d582ec4ec9aff144c8e52
com.buschmais.jqassistant.core	schemata	2.3.1		8c29e78430d1651230a5387602310805e17f1bc6
com.buschmais.jqassistant.core	schemata	2.4.0		cad4adbb91aa75236cc61ca94876ff136dc0dc20
com.buschmais.jqassistant.core	schemata	2.4.0-M1		09aeafcb8a6ce67f0ef887f7594cb5e96e034514
com.buschmais.jqassistant.core	schemata	2.4.0-M2		18f7cee72270abd70f69caa016cec10841494d80
com.buschmais.jqassistant.core	schemata	2.4.0-M3		66e47c3d9dbb42bbef44ca2af8a672c61cd63160
com.buschmais.jqassistant.core	schemata	2.4.0-RC1		758333622939d2309698d584270add8ae74d675f
com.buschmais.jqassistant.core	schemata	2.5.0		9a67e8b90194b3f70575c8f01899841a14c81bf2
com.buschmais.jqassistant.core	schemata	2.5.0-M1		2fa5305c5ea4844c73fe82a842333b7f3375539b
com.buschmais.jqassistant.core	schemata	2.5.0-RC1		c5493a8cdec752fd54e51cefa3a7de43d2ef2ff5
com.buschmais.jqassistant.core	schemata	2.5.0-RC2		13c40634c48a7d5917e1c7b54a0c9eee49b2a79c
com.buschmais.jqassistant.core	schemata	2.5.0-RC3		ba96143878431ef514375e8a8d1bb44db79127bb
com.buschmais.jqassistant.core	schemata	2.6.0		5a6a6a9e62145eecd7acdd456e23fa1be71e3c22
com.buschmais.jqassistant.core	schemata	2.6.0-M1		eabb39e6e6c0578cc7c3b305d0d4c804df6bb417
com.buschmais.jqassistant.core	schemata	2.6.0-M2		272609a42f02bba7969c85267c75dd4167b92946
com.buschmais.jqassistant.core	schemata	2.6.0-M3		1f9bd91d41926d21e4792f90820c0c40fb66d378
com.buschmais.jqassistant.core	schemata	2.6.0-RC1		260bb34444adb4bfc776ebe18860a623cbf2cb92
com.buschmais.jqassistant.core	schemata	2.7.0		8e684d42bbbd293e83cd37ffa104736e4b03a91d
com.buschmais.jqassistant.core	schemata	2.7.0-M1		6cf1955b9a30d67d03ddf108c3689e20c1ac8014
com.buschmais.jqassistant.core	schemata	2.7.0-RC1		10c99dd77f821184e17dc70fb08b9063503ebf3a
com.carthas	cmp-mvvm-macosarm64	0.1.5		N/A
com.carthas	cmp-mvvm-macosarm64	0.1.5	metadata	e50d0125069ed703b3b4529905fed306ec2cee5e
com.datastax.dse	spark-cassandra-connector-test-support_2.12	3.0-alpha		0be08b9beb83fc04ed5eba4791be9d0b5d55304a
com.ea.orbit	orbit-async-maven-plugin	0.2.3		abb1a87d06bb73a0498c8ac01af789d9e5b6969a
com.ea.orbit	orbit-async-maven-plugin	0.2.4		043623615da47a7729a7d6c8561ae25a9598ecb4
com.ea.orbit	orbit-async-maven-plugin	0.3.0		852a49f38eaf1e51f6bc7eb1a43094af17c6c039
com.ea.orbit	orbit-async-maven-plugin	0.3.1		90d83514c2b276cefa37e26a12b769b51e1767d1
com.ea.orbit	orbit-async-maven-plugin	0.4.0		df12ef3bc0c5b07e9300b2c2cc62d1d67a9e5f7d
com.ea.orbit	orbit-async-maven-plugin	0.4.1		98dd4c8b9ca5ebbf9d3ee587e7a0cafcf03cae4b
com.ea.orbit	orbit-async-maven-plugin	0.4.2		3794394c53b5255c26bc388050995e57350410ef
com.ea.orbit	orbit-async-maven-plugin	0.4.3		dfbd7314113a1849212f475c672de8baeb4c12d0
com.ea.orbit	orbit-async-maven-plugin	0.4.4		1acf5f35d00a6be2b156998101ac4852aefff9eb
com.ea.orbit	orbit-async-maven-plugin	0.4.5		92541757f2888dd380a1c2ff3794970a08268b54
com.ea.orbit	orbit-async-maven-plugin	0.5.0		b1a98e65d6fe5b44642bf2822ee27dccf1f0f9f8
com.ea.orbit	orbit-async-maven-plugin	0.5.1		f41d645404d46724c8dc972489d9839c8e788be2
com.ea.orbit	orbit-async-maven-plugin	0.5.2		db9b2f1537d3221f86d2c111f562c1b690166988
com.ea.orbit	orbit-async-maven-plugin	0.6.0		fc0a8073bfc8734ae7be406f6f7b8fe08b86eb35
com.ea.orbit	orbit-async-maven-plugin	0.6.1		0f8b733137f4423070066fd2886b3f3be413857c
com.ea.orbit	orbit-async-maven-plugin	0.6.2		044739df86369c01cdcbabbc7d175ab5f4ae88da
com.ea.orbit	orbit-async-maven-plugin	0.6.3		81a46a6aae0456b1a3573fda03fa9225308d1859
com.fleeksoft.ksoup	ksoup-network-ktor2-iosx64	0.1.5		N/A
com.fleeksoft.ksoup	ksoup-network-ktor2-iosx64	0.1.5	metadata	234a35a41ad827eb6586d3a92553f3bfcd6e5f5f
com.fleeksoft.ksoup	ksoup-network-ktor2-iosx64	0.1.6		N/A
com.fleeksoft.ksoup	ksoup-network-ktor2-iosx64	0.1.6	metadata	afeb5431cc8c3252dd209bd614b63cfafc08b772
com.fleeksoft.ksoup	ksoup-network-ktor2-iosx64	0.1.6-alpha1		N/A
com.fleeksoft.ksoup	ksoup-network-ktor2-iosx64	0.1.6-alpha1	metadata	bd74ba7c67dea73264895254c0815fa4708d529e
com.fleeksoft.ksoup	ksoup-network-ktor2-iosx64	0.1.7		N/A
com.fleeksoft.ksoup	ksoup-network-ktor2-iosx64	0.1.7	metadata	a312ecd9439b9b49ee1b32ff1f9e346ed2df04d1
com.fleeksoft.ksoup	ksoup-network-ktor2-iosx64	0.1.8		N/A
com.fleeksoft.ksoup	ksoup-network-ktor2-iosx64	0.1.8	metadata	9c3c64b004be1e16ffd1246f51979814bd5090d8
com.fleeksoft.ksoup	ksoup-network-ktor2-iosx64	0.1.9		N/A
com.fleeksoft.ksoup	ksoup-network-ktor2-iosx64	0.1.9	metadata	aabc85fc5a2f525d7555c510c8cd237ed3a09c8d
com.fleeksoft.ksoup	ksoup-network-ktor2-iosx64	0.2.0		N/A
com.fleeksoft.ksoup	ksoup-network-ktor2-iosx64	0.2.0	metadata	d75590383ab2548b5a11c34ebe356e5514a17d11
com.fleeksoft.ksoup	ksoup-network-ktor2-iosx64	0.2.1		N/A
com.fleeksoft.ksoup	ksoup-network-ktor2-iosx64	0.2.1	metadata	3a2acf332f48d0c41f32204c45e4b2f7ed091898
com.fleeksoft.ksoup	ksoup-network-ktor2-iosx64	0.2.2		N/A
com.fleeksoft.ksoup	ksoup-network-ktor2-iosx64	0.2.2	metadata	0ecd683e9da4109b0023fb35dcf34be81ad64815
com.fleeksoft.ksoup	ksoup-network-ktor2-iosx64	0.2.3		N/A
com.fleeksoft.ksoup	ksoup-network-ktor2-iosx64	0.2.3	metadata	f6407f4477b64086fa4be777a5602118227d5a6a
com.github.pheymann	mockit_2.11	0.1.0-beta		330702d3899f30198fcb3e7b174ff371b1dc722c
com.github.pheymann	mockit_2.11	0.2.0-beta		87f91a9a63372367bc6058c6d5b80fab71c72f74
com.github.quarkus-criteria	quarkus-criteria	1.0.0		b228a578950b2899f8459f84389a9f8c6da60183
com.github.quarkus-criteria	quarkus-criteria	1.0.0-RC1		7b2ab3b56352d20080540dbfb8d05b94f343bda3
com.github.quarkus-criteria	quarkus-criteria	1.0.0-RC2		85e856cabeb0cb6661033d04e6d533d45ea5021e
com.github.quarkus-criteria	quarkus-criteria	1.0.0-RC3		56b57d5dd9c7bec245b5444741de7b28cd77fc8f
com.ibm.jbatch.tck	com.ibm.jbatch.tck	1.0.1-beta1		5f283a6782451c9ae19a69c49be382ec40a92645
com.ibm.jbatch.tck	com.ibm.jbatch.tck	1.0.1-beta2		2e117e978567e37898af7e2562e7b7c37a598bf1
com.ibm.jbatch.tck	com.ibm.jbatch.tck	1.0.1-noRelease		ff830e22e9e1544a6dea3f62e5cbd5b7cbff720d
com.ibm.jbatch.tck	com.ibm.jbatch.tck	1.1-b01		c07aee96e3371a6c55ed92f44a0a61e17d5ed19d
com.ibm.jbatch.tck	com.ibm.jbatch.tck	1.1-b02		ec80179ace3754c4ebaef9dd8b3b8a13dcf91d7b
com.ibm.jbatch.tck	com.ibm.jbatch.tck	1.1-b03		9f04d014b19bb0966f7f60825ab2aaa72045882d
com.ibm.runtimetools	javametrics-prometheus	1.0.2		N/A
com.ibm.runtimetools	javametrics-prometheus	1.1.0		N/A
com.ibm.runtimetools	javametrics-prometheus	1.2.0		N/A
com.ibm.runtimetools	javametrics-prometheus	1.2.1		N/A
com.ibm.runtimetools	javametrics-prometheus	1.3.0		N/A
com.ibm.runtimetools	javametrics-prometheus	1.3.1		N/A
com.ibm.runtimetools	javametrics-prometheus	1.4.0		N/A
com.ibm.runtimetools	javametrics-prometheus	1.5.0		N/A
com.ibm.runtimetools	javametrics-prometheus	1.5.1		N/A
com.ibm.runtimetools	javametrics-prometheus	1.5.2		N/A
com.ibm.runtimetools	javametrics-prometheus	1.6.0		N/A
com.ibm.runtimetools	javametrics-prometheus	1.7.0		N/A
com.ibm.runtimetools	javametrics-prometheus	1.8.0		N/A
com.jwebmp.jre11	jwebmp-themify-icons	0.62.0.1		21b3b054a98c2f82effe9467aa5ddfabd719decd
com.loadcoder	loadcoder-utilities	1.0.0		471997af0d9843a2368b8a48213eb4121d8c95b7
com.loadcoder	loadcoder-utilities	1.0.0-beta1		4c166ba78740e2fbf3107008a1ba10198ee79618
com.loadcoder	loadcoder-utilities	1.0.0-beta2		12093b90ac64cb0e0dd060127a44eebe79efddf4
com.loadcoder	loadcoder-utilities	1.0.0-beta3		8d43010b9ef90da2bcbfabef09d2fc850936e3df
com.loadcoder	loadcoder-utilities	1.0.1		9389e8128c94d8f4c608012adf5ca9b3d15f7a1f
com.loadcoder	loadcoder-utilities	1.0.2-beta		acef0ba53d7162fd290d39f51a1f5f72231f0d4d
com.loadcoder	loadcoder-utilities	2.0.0		e8dbedcb9db28480f4d9f68e3c0b7767d623bf4d
com.loadcoder	loadcoder-utilities	3.0.0		d2fa63277688e3cd23a37ae6b29323ad7334671d
com.loadcoder	loadcoder-utilities	3.0.0-beta		aa78ff7e43dc0592cd41e02d8f70b0a540a0a19d
com.loadcoder	loadcoder-utilities	3.1.0		83bc4c9aa4624dfae1aca0bbd52a088ed698e707
com.loadcoder	loadcoder-utilities	3.1.1		e64facd9ab687e8986860b24e14612def9e00430
com.m2f-kt	arch-iossimulatorarm64	0.0.1-dev04		N/A
com.m2f-kt	arch-iossimulatorarm64	0.0.1-dev04	metadata	ebe99d6e9671b535fb5072110161a8489389c7c3
com.soywiz	korlibs-dyn-watchosarm64	6.0.0		N/A
com.soywiz	korlibs-dyn-watchosarm64	6.0.0	metadata	1884c0ff9ab6c212e0c0281b54adb1ca8786a1e2
com.soywiz	korlibs-dyn-watchosarm64	6.0.0-alpha1		N/A
com.soywiz	korlibs-dyn-watchosarm64	6.0.0-alpha1	metadata	fa7b5df067c11bd52dbd0eb81030d9d04a1a19ae
com.soywiz	korlibs-dyn-watchosarm64	6.0.0-alpha2		N/A
com.soywiz	korlibs-dyn-watchosarm64	6.0.0-alpha2	metadata	572b9cfdde91b6cb32f6ff7038da9e3fd2baea64
com.soywiz	korlibs-dyn-watchosarm64	6.0.0-alpha3		N/A
com.soywiz	korlibs-dyn-watchosarm64	6.0.0-alpha3	metadata	a94f49d27846ee8c0063debe10ae659f3c2252fd
com.soywiz	korlibs-dyn-watchosarm64	6.0.0-alpha4		N/A
com.soywiz	korlibs-dyn-watchosarm64	6.0.0-alpha4	metadata	326dd2108ab2b96e355179553d44cb8429087baf
com.soywiz	korlibs-dyn-watchosarm64	6.0.0-alpha5		N/A
com.soywiz	korlibs-dyn-watchosarm64	6.0.0-alpha5	metadata	dced2130f0990912ba16a81c5fe37d976c177b85
com.soywiz	korlibs-dyn-watchosarm64	6.0.0-alpha6		N/A
com.soywiz	korlibs-dyn-watchosarm64	6.0.0-alpha6	metadata	071d42aeed479999f6349acba9728034d4d3ea2c
com.soywiz	korlibs-dyn-watchosarm64	6.0.0-alpha7		N/A
com.soywiz	korlibs-dyn-watchosarm64	6.0.0-alpha7	metadata	8a068582ce03e4c6a663aae51eac12a96ea18305
com.soywiz	korlibs-dyn-watchosarm64	6.0.0-alpha8		N/A
com.soywiz	korlibs-dyn-watchosarm64	6.0.0-alpha8	metadata	8a158b184b7e5918385fc7bc8b4b7417bc44ad71
com.soywiz	korlibs-dyn-watchosarm64	6.0.0-alpha9		N/A
com.soywiz	korlibs-dyn-watchosarm64	6.0.0-alpha9	metadata	17f5e3872e5e0643d6644238c384cb7bdd41ce09
com.sparkutils	frameless-ml_3.4_2.13	0.17.0		91f07e3fd536d25127e8c3fecdb9b57a3cb844d5
com.sparkutils	frameless-ml_3.4_2.13	0.17.0-RC1		94a8a3762af61b0ecaf45d92602dd376d1525d35
com.sparkutils	frameless-ml_3.4_2.13	0.17.0-RC2		46fb30a2e4572b3a88117797a4c9613245cb797e
com.sparkutils	frameless-ml_3.4_2.13	0.17.0-RC3		c6459975df879e820a5ade563e3609ceb35ca97f
com.sparkutils	frameless-ml_3.4_2.13	0.17.0-RC4		2c0dc1f3997912738df025c242962fd55adb9c21
com.sparkutils	frameless-ml_3.4_2.13	0.17.0-RC5		3af8d5dbc37b63452bd66287ca3a1c4dbaf98a12
com.splendo.kaluga	alerts-android	1.5.0		N/A
com.splendo.kaluga	alerts-android	1.5.1		N/A
com.splendo.kaluga	system-android-debug	1.5.0		N/A
com.splendo.kaluga	system-android-debug	1.5.1		N/A
com.viliussutkus89.ndk.thirdparty	libgsf-ndk25-static	1.14.51-beta-1		N/A
de.naturzukunft	rdf4j-utils	0.1.14		eb1b4fae043fac67aea8068a1ccc3d2b1ab2abca
de.naturzukunft	rdf4j-utils	0.1.15		2c02f11aaa57e5d46cc3e2887c8d2a22a9b2236e
de.rub.nds.tls.attacker	utils	4.0.2		45e37d99546d61bfacdbc50894083606556b8954
de.rub.nds.tls.attacker	utils	5.1.5		210256978aa9d25e37255fbd56d4f6a05ab03427
de.rub.nds.tls.attacker	utils	5.1.6		0b1dcd5156ed12dbe46a46eaa391f1cceec64131
de.rub.nds.tls.attacker	utils	5.2.1		782492ffb455c379227aa5d42f8effdaff8a6afc
de.rub.nds.tls.attacker	utils	5.3.0		91bc4179bb3e97b802eea872aa3d5bbf28fc21ad
de.rub.nds.tls.attacker	utils	5.3.3-preX509b		6b8c02f4cf5f2e634e652b4b8eea3a0f20410845
de.rub.nds.tls.attacker	utils	6.1.4		73ea565565526f9bd8ba64ab419b4026c314b268
de.rub.nds.tls.attacker	utils	6.1.7		a1ee0f00eff46f6d22202b0f0dbe97f27f927129
de.rub.nds.tls.attacker	utils	6.3.2		bcc84c818cef02e725bc6bced8e0e5e7abbdf691
de.rub.nds.tls.attacker	utils	6.3.4		281bb378b9dc809755b5e58bf09c0778acdfd733
de.rub.nds.tls.attacker	utils	7.0.4		963cd11e32f94b650fe248cac163b14f5437af81
de.tfh-berlin.knabe	multex	7.1		a45e7c7b93575b6741458f7e65768ea26b31b3e9
de.wayofquality.blended	blended.security.scep.standalone_2.12	2.5.0-SBT		d5d8313159e8052cad6653ffa11ae03565068970
de.wayofquality.blended	blended.security.scep.standalone_2.12	3.0-M1		280a516e52015c1a3e22ccdceca0f9a2a2f3500e
de.wayofquality.blended	blended.security.scep.standalone_2.12	3.0-M19		489db36fe7d2bd3a67eb23392273d93ec7df087f
de.wayofquality.blended	blended.security.scep.standalone_2.12	3.0-M2		39e768f34545059fd23246d8787ed7e0186c5c83
de.wayofquality.blended	blended.security.scep.standalone_2.12	3.0-M4		5568b9a0e710edeff7498807844505e155afd1c6
de.wayofquality.blended	blended.security.scep.standalone_2.12	3.0-M5		3223b5d9635993191e6d741661e8e6afcdd8b8c6
de.wayofquality.blended	blended.security.scep.standalone_2.12	3.0-M6		12113097b1186feaf546c1cdb4999ab9aa1ec556
de.wayofquality.blended	blended.security.scep.standalone_2.12	3.0.13		65f07f8ebb4f084296d9b93ea750254e59e0b1dc
de.wayofquality.blended	blended.security.scep.standalone_2.12	3.0.3		6c973124eb06658b3959f1b9de43f3f498beb8a9
de.wayofquality.blended	blended.security.scep.standalone_2.12	3.0.5		7a7d2b57175ed9c84af852a47a7a5aeb1c6767a6
de.wayofquality.blended	blended.security.scep.standalone_2.12	3.1-RC2		e51f691b8f4d9bbb8e65f12cbdff7f77801cf5ca
dev.aemvite	aem-vite.ui.config	1.0.0		N/A
dev.aemvite	aem-vite.ui.config	1.0.1		N/A
dev.aemvite	aem-vite.ui.config	1.0.2		N/A
dev.aemvite	aem-vite.ui.config	2.0.0		N/A
dev.aemvite	aem-vite.ui.config	2.0.1		N/A
dev.aemvite	aem-vite.ui.config	2.0.2		N/A
dev.aemvite	aem-vite.ui.config	2.0.3		N/A
dev.aemvite	aem-vite.ui.config	2.1.0		N/A
dev.aemvite	aem-vite.ui.config	2.1.1		N/A
dev.aemvite	aem-vite.ui.config	2.1.2		N/A
dev.aemvite	aem-vite.ui.config	2.1.3		N/A
dev.aemvite	aem-vite.ui.config	2.1.4		N/A
dev.aemvite	aem-vite.ui.config	2.1.5		N/A
dev.aemvite	aem-vite.ui.config	2.2.0		N/A
dev.aemvite	aem-vite.ui.config	2.2.1		N/A
dev.aemvite	aem-vite.ui.config	2.2.2		N/A
dev.aemvite	aem-vite.ui.config	2.3.0		N/A
dev.aemvite	aem-vite.ui.config	3.0.0		N/A
dev.akif	e-scala_2.12	0.2.0		81379c53bc0abda7c4121c3ddb6f6acc988446d8
dev.akif	e-scala_2.12	0.2.1		a3d225f9b70ceb6bdf39f11c5b246f03df8e1e27
dev.akif	e-scala_2.12	0.2.2		cd8ac44afad4f6da22e59c513d6dd9c0f74d9ef4
dev.akif	e-scala_2.12	0.2.3		60066faca66e0a98d17e3b17e46817304a2f7a47
dev.akif	e-scala_2.12	0.2.4		a14c8032578d8f60b6438cc87692057f2b7bc62a
dev.akif	e-scala_2.12	1.0.0		1e880f0a623ee9b2370520e74707e9f7adab5691
dev.akif	e-scala_2.12	1.1.0		b47f2c1bad4b373851d1d6123e5cb2b02e81f9c4
dev.akif	e-scala_2.12	1.1.1		b69c1c574242cd14269fae49ad1584ac33aaacea
dev.akif	e-scala_2.12	1.1.2		5eeed05a5779ce9b66db28fb2bc0e64f7170ba3c
dev.akif	e-scala_2.12	2.0.0		4ebae2a3765a3e62a5c74e75992f66941347b5f5
dev.akif	e-scala_2.12	2.0.1		f3de04439f18338f84b3f5f2396d5f0c52f3d32e
dev.akif	e-scala_2.12	2.0.2		f6c3ba2c11933b176da5c1bfe14bd67c24c78f59
dev.petuska	klip-assertions-androidnativearm32	0.4.0		N/A
dev.petuska	klip-assertions-androidnativearm32	0.4.1		N/A
dev.programadorthi.routing	sessions-watchosarm32	0.0.10		N/A
dev.programadorthi.routing	sessions-watchosarm32	0.0.10	metadata	badff24d229b501fafb544e99dd7a2a070fa29e1
dev.programadorthi.routing	sessions-watchosarm32	0.0.11		N/A
dev.programadorthi.routing	sessions-watchosarm32	0.0.11	metadata	84fea4258335509a64f085009bd1af171787726f
dev.programadorthi.routing	sessions-watchosarm32	0.0.12		N/A
dev.programadorthi.routing	sessions-watchosarm32	0.0.12	metadata	64db79ec73b4f67b7fbd09ebf339fb58aec073d9
dev.programadorthi.routing	sessions-watchosarm32	0.0.13		N/A
dev.programadorthi.routing	sessions-watchosarm32	0.0.13	metadata	6f87b0e16f0f3d7a9b0f566e17aa5ed5f6886f4b
dev.programadorthi.routing	sessions-watchosarm32	0.0.14		N/A
dev.programadorthi.routing	sessions-watchosarm32	0.0.14	metadata	25e9044a6797f47fee5dd97d2990ce223ddf3c55
dev.programadorthi.routing	sessions-watchosarm32	0.0.15		N/A
dev.programadorthi.routing	sessions-watchosarm32	0.0.15	metadata	6f93e08674c503ff92e5c591bca1c97f326255a7
dev.programadorthi.routing	sessions-watchosarm32	0.0.16		N/A
dev.programadorthi.routing	sessions-watchosarm32	0.0.16	metadata	25d94ba3575aa629d35efaebe6d77e0da1943d8d
dev.programadorthi.routing	sessions-watchosarm32	0.0.17		N/A
dev.programadorthi.routing	sessions-watchosarm32	0.0.17	metadata	8adb877cba87b6f52f77c3d17868b4731ced0da3
dev.programadorthi.routing	sessions-watchosarm32	0.0.18		N/A
dev.programadorthi.routing	sessions-watchosarm32	0.0.18	metadata	967f906953e7ae7dd31d3f649ea9bc475aa1ee92
dev.programadorthi.routing	sessions-watchosarm32	0.0.19		N/A
dev.programadorthi.routing	sessions-watchosarm32	0.0.19	metadata	bf054928f89f1bb39f86c663d8788479c585267c
dev.programadorthi.routing	sessions-watchosarm32	0.0.20		N/A
dev.programadorthi.routing	sessions-watchosarm32	0.0.20	metadata	8801587cc8c532f822336f9bfa2f3c3e764d2ea3
dev.programadorthi.routing	sessions-watchosarm32	0.0.21		N/A
dev.programadorthi.routing	sessions-watchosarm32	0.0.21	metadata	1f26f9a8892a5f289d542f6bde4d9320335fe269
dev.programadorthi.routing	sessions-watchosarm32	0.0.8		N/A
dev.programadorthi.routing	sessions-watchosarm32	0.0.8	metadata	99c763bee3cb585897e92db66d95b94c9077977a
dev.programadorthi.routing	sessions-watchosarm32	2.0.0-alpha01		N/A
dev.programadorthi.routing	sessions-watchosarm32	2.0.0-alpha01	metadata	703080bff5f957af9c075c52cc9cc7583a416e72
dev.programadorthi.routing	sessions-watchosarm32	2.0.0-alpha02		N/A
dev.programadorthi.routing	sessions-watchosarm32	2.0.0-alpha02	metadata	f9fe601ed2dd857ca072971e67203a593006a015
dev.programadorthi.routing	sessions-watchosarm32	2.0.0-alpha03		N/A
dev.programadorthi.routing	sessions-watchosarm32	2.0.0-alpha03	metadata	798790fa055fefeca663410ba4bb7fd704bbe941
dev.zio	zio-logging-jshttp_sjs1_2.11	0.2.9		0fb457483ac9853b97b62a817f3842559f7209a4
dev.zio	zio-logging-jshttp_sjs1_2.11	0.3.0		4b6749fcb56184a70a85e696b169fb0a33fcd990
dev.zio	zio-logging-jshttp_sjs1_2.11	0.3.1		d79ccd5ff5dac2ae862d4dc24454013514099b70
dev.zio	zio-logging-jshttp_sjs1_2.11	0.3.2		6d4480b67a95886b0756fafd78d8371f37650ecb
dev.zio	zio-logging-jshttp_sjs1_2.11	0.4.0		3a3780bfb969302a151b7088d0ff63455ba2377f
dev.zio	zio-logging-jshttp_sjs1_2.11	0.5.0		a91c1f381ad50bf8b66a9e1fa2177e7771697d10
dev.zio	zio-logging-jshttp_sjs1_2.11	0.5.1		5cd51c61bafa47a004c4df543077d7ef13bcbb22
dev.zio	zio-logging-jshttp_sjs1_2.11	0.5.10		22f44e077cc2d825bfe511d14541103a32e01ba6
dev.zio	zio-logging-jshttp_sjs1_2.11	0.5.11		129354d71170448dff93ee1d5678c2216cabe166
dev.zio	zio-logging-jshttp_sjs1_2.11	0.5.12		b299ebf965ef487bd799ac409be9cb54c8feb3c3
dev.zio	zio-logging-jshttp_sjs1_2.11	0.5.13		b3ab1c9024db333ce38c9795214364fb7fae9158
dev.zio	zio-logging-jshttp_sjs1_2.11	0.5.14		bb215350b2a55aabebe701750f5ee96f20f58848
dev.zio	zio-logging-jshttp_sjs1_2.11	0.5.15		007252b2b625711b180887220b10beb72ef58c23
dev.zio	zio-logging-jshttp_sjs1_2.11	0.5.16		1fd50ced576938df9ce7cc33b19183a3ff646e82
dev.zio	zio-logging-jshttp_sjs1_2.11	0.5.2		a8c0993820449c04118fdb65ff37613167e5a838
dev.zio	zio-logging-jshttp_sjs1_2.11	0.5.3		8038c63c8a4881ec28cc2dce4829ea9f4e73fee2
dev.zio	zio-logging-jshttp_sjs1_2.11	0.5.4		3e0f6ad440ff1be4da3f74125246457327f42bcb
dev.zio	zio-logging-jshttp_sjs1_2.11	0.5.5		da4d75ec4b09da7de2dae3315624a0450bf823ad
dev.zio	zio-logging-jshttp_sjs1_2.11	0.5.6		28955652e863408a63693b6b8bdd2e39834f88c8
dev.zio	zio-logging-jshttp_sjs1_2.11	0.5.7		a7097918c099b3f148b418ce5262af6cc8f2b50d
dev.zio	zio-logging-jshttp_sjs1_2.11	0.5.8		834e12fdaa98cd8cc70c1ae568d1735fe4025d1d
dev.zio	zio-logging-jshttp_sjs1_2.11	0.5.9		bafb245e4ca7016d74f9df6f50a27cf00e1c4dca
eu.bolt	kalev-android	1.0.0		N/A
eu.bolt	kalev-android	1.0.1		N/A
eu.bolt	kalev-android	1.0.2		N/A
eu.bolt	kalev-android	1.0.3		N/A
eu.bolt	kalev-android	1.0.4		N/A
eu.europa.ec.joinup.sat	jdplus-incubator-cli	1.0.0		N/A
eu.europa.ec.joinup.sat	jdplus-incubator-cli	2.0.0		N/A
eu.europa.ec.joinup.sat	jdplus-incubator-cli	2.1.0		N/A
eu.europa.ec.joinup.sat	jdplus-incubator-cli	2.2.0		N/A
eu.europa.ec.joinup.sat	jdplus-incubator-cli	2.3.0		N/A
fr.iscpif.gridscale.bundle	pbs_2.11	1.100		256f21445215dbc37f0a409fa6166aa93b3381ec
fr.iscpif.gridscale.bundle	pbs_2.11	1.69		7c05896a4aa017cead275b778d5c7a66cbe633f3
fr.iscpif.gridscale.bundle	pbs_2.11	1.70		14de44d3ab199239e51e4bd8e1799ffe742475f9
fr.iscpif.gridscale.bundle	pbs_2.11	1.71		793c692faef3d8cbbb5c336db613424cdbabf84b
fr.iscpif.gridscale.bundle	pbs_2.11	1.72		a54b80a0846541f9270819ec88e9dccd39fec0df
fr.iscpif.gridscale.bundle	pbs_2.11	1.73		fcfca14ffbdd7c7ef4cb0e85809a05b60fa53cfe
fr.iscpif.gridscale.bundle	pbs_2.11	1.74		f030741761da03e9b5297c951554c9dd0882d37c
fr.iscpif.gridscale.bundle	pbs_2.11	1.75		46db75eb67f9c5e46dd22592bc93fb4c5f12122d
fr.iscpif.gridscale.bundle	pbs_2.11	1.76		d7f5ab6d0e2946777f7231df1c4b2e7c1f552fac
fr.iscpif.gridscale.bundle	pbs_2.11	1.78		382a03686364f958d57e0804f8e36aaa81bdb016
fr.iscpif.gridscale.bundle	pbs_2.11	1.79		01b5d02a548b77246a363f605eeb92c395d83d39
fr.iscpif.gridscale.bundle	pbs_2.11	1.81		862215b19e3ebe3232c18f04085ce3d6a1bc016f
fr.iscpif.gridscale.bundle	pbs_2.11	1.83		e2a47ba33c41b365d77157265e2ee7ffc9507d66
fr.iscpif.gridscale.bundle	pbs_2.11	1.84		b465c432334d4a0b298ace76d8f1f59611d76adc
fr.iscpif.gridscale.bundle	pbs_2.11	1.85		1889dbfa6ff37688393434f677e28999f5ab59d8
fr.iscpif.gridscale.bundle	pbs_2.11	1.86		e0f47839a2214944f9715d3dae59d7515ae8ca94
fr.iscpif.gridscale.bundle	pbs_2.11	1.87.0		59fb2312147435e4d03f2a7e8800818ab2fbda12
fr.iscpif.gridscale.bundle	pbs_2.11	1.88		eff96a0a86f42db641b3d333712abaad47452d70
fr.iscpif.gridscale.bundle	pbs_2.11	1.89		9e7e79088211c75a73ada3c3289666e38f8af885
fr.iscpif.gridscale.bundle	pbs_2.11	1.90		1d6a942dd2ec6d97bbc347a7f8e685375b9447db
fr.iscpif.gridscale.bundle	pbs_2.11	1.91		c0726b049c0f6434f276675f7a53af3176ec4e42
fr.iscpif.gridscale.bundle	pbs_2.11	1.92		b5dcb437c36faaecaa13be716e5bfac8ae96582d
fr.iscpif.gridscale.bundle	pbs_2.11	1.93		822965d6b1bfe92db3e13f0b7f32d894af12f371
fr.iscpif.gridscale.bundle	pbs_2.11	1.94		67b806000b10afebbdfc87b973add85010b596f4
fr.iscpif.gridscale.bundle	pbs_2.11	1.95		409a74d247ab8d44d382dd05d41266bef01a1acf
fr.iscpif.gridscale.bundle	pbs_2.11	1.96		b3fd7f398457531671a92fa81a13a33fb66484e8
fr.iscpif.gridscale.bundle	pbs_2.11	1.97		da683fa899a79340fac075e97a02fdaf2e22bcb7
fr.iscpif.gridscale.bundle	pbs_2.11	1.98		8240aec9c86cfdf8aee8412b5783eeb5836075d3
io.advantageous.boon	boon-reflekt	0.5.2		21a6589716511109b2594a629ac62509aa9c5e94
io.advantageous.boon	boon-reflekt	0.5.3		88c4635a29896acaf3b0cf9778a8be99c4ab6174
io.advantageous.boon	boon-reflekt	0.5.4		c0d2665402f6f6feb85f5f137594d9313dc324f3
io.advantageous.boon	boon-reflekt	0.5.5		3ae09d0ad727ee0c36b3c87e4a8885e89afceee9
io.advantageous.boon	boon-reflekt	0.5.6.RELEASE		0c54d53c2e356908f9a1deae4f623f4b6b31206a
io.advantageous.boon	boon-reflekt	0.5.7		5690622576b678109b419f012a532ec1f116be9b
io.advantageous.boon	boon-reflekt	0.6.0		141fe66b22a638216adfa2c1858f86618726f5cd
io.advantageous.boon	boon-reflekt	0.6.1		94e8a87218ff2efd5c2a8033c8f6334612e3e546
io.advantageous.boon	boon-reflekt	0.6.2		4ffe7c78078babf6e7cf6948e5718b41b2e2e02d
io.advantageous.boon	boon-reflekt	0.6.3		4978f772952f02d3da2bea998b55a369f8a1e9cc
io.advantageous.boon	boon-reflekt	0.6.4		d9eca81a01a2678a90b78ec90799b20da2d6bbec
io.advantageous.boon	boon-reflekt	0.6.5		0ae114209eba607ee8ac70e7f4a7b1f6e924548b
io.advantageous.boon	boon-reflekt	0.6.6		2a1853eebbdae4ce74469254bb98f576636896d0
io.dinject.kapt	dinject	1.10		N/A
io.dinject.kapt	dinject	1.8		N/A
io.dinject.kapt	dinject	1.9		N/A
io.github.a09090443	web-service-spring-boot-starter	3.2.1.1		892c1af7a6d48aa85aa0934d662d3309291aca9b
io.github.a09090443	web-service-spring-boot-starter	3.2.1.2		ed008090bf9b7e3a31a8b17ef60b40191a438167
io.github.a09090443	web-service-spring-boot-starter	3.2.5.1		941ab0d3d76aec891b87607b9a208b0fb2cf3987
io.github.a09090443	web-service-spring-boot-starter	3.2.5.2		a669bf37246e3f02ce7dc85794cdf3e20dd41c45
io.github.a09090443	web-service-spring-boot-starter	3.2.5.3		5981977322dc4daeee5b635735797d0fc841fc50
io.github.blackrock	protoc-jar	1.0.0		1cf01bd4713130afb213bbff1cb8aa23b37d1ff4
io.github.blackrock	protoc-jar	1.0.1		9a9a3d6d08163b249c60f1f6a9bb3dee63d3e1df
io.github.blackrock	protoc-jar	2.0.0		4a3c460e7fa5b1c5f81c3f31c7fe930918b55af5
io.github.blackrock	protoc-jar	2.0.1		757556bb90d82e88cca242675881ae7d80c30a0c
io.github.dandelion2	dandelion-operator	1.0.0		ded7e8bce8bf71a8dbcc86059358df1eb73dd9f0
io.github.dandelion2	dandelion-operator	1.0.1		49a41bcbdde54c352e307049d675970a314613e3
io.github.dandelion2	dandelion-operator	1.0.2		5948437f15af6fa1e587aef23d06ca5f907bbee4
io.github.etspaceman	kinesis4cats-smithy4s-client-localstack_2.13	0.0.10		1790a552e243e7323adfb83e06573f0150752942
io.github.etspaceman	kinesis4cats-smithy4s-client-localstack_2.13	0.0.11		4e195caea39f5ca9e47854f348c79c65c22852a5
io.github.etspaceman	kinesis4cats-smithy4s-client-localstack_2.13	0.0.13		cfcaeb1c5c6044afbceb932635aec2e58b60b961
io.github.etspaceman	kinesis4cats-smithy4s-client-localstack_2.13	0.0.14		ac554e3c5ccc3f4a9ea4c6a4979a448aa8ea3cb4
io.github.etspaceman	kinesis4cats-smithy4s-client-localstack_2.13	0.0.15		27b5c3d2136a29f75ced70238dd4b34e1388b7ea
io.github.etspaceman	kinesis4cats-smithy4s-client-localstack_2.13	0.0.16		fcd99f165ca067b1ae150fe44aec6d0877a2fd78
io.github.etspaceman	kinesis4cats-smithy4s-client-localstack_2.13	0.0.17		363f9e8bf5f1801bf515ac1bf8eaa9c7183db3c3
io.github.etspaceman	kinesis4cats-smithy4s-client-localstack_2.13	0.0.18		483ff31909fb1dc714d850feb5b0a543c86e7db0
io.github.etspaceman	kinesis4cats-smithy4s-client-localstack_2.13	0.0.19		9768b50ff2c51985588eca24c24135685e6acb52
io.github.etspaceman	kinesis4cats-smithy4s-client-localstack_2.13	0.0.2		7084ee3d8e5aab201c6421d34f4cddde45a8853c
io.github.etspaceman	kinesis4cats-smithy4s-client-localstack_2.13	0.0.20		d190af6cc03240a0050b35f9a3821a151f80c0b6
io.github.etspaceman	kinesis4cats-smithy4s-client-localstack_2.13	0.0.21		71a0e2c3c93605459007c015a13fe392b2a8a814
io.github.etspaceman	kinesis4cats-smithy4s-client-localstack_2.13	0.0.22		a7937d006935154ddc6b44895909ab5dca351b03
io.github.etspaceman	kinesis4cats-smithy4s-client-localstack_2.13	0.0.23		23c21be77d5642edc358da926d54131df4021f3c
io.github.etspaceman	kinesis4cats-smithy4s-client-localstack_2.13	0.0.24		4fbcdce00e809b223ade48f656ce2654a93762cf
io.github.etspaceman	kinesis4cats-smithy4s-client-localstack_2.13	0.0.25		86aec1ab9a981d461cb493ab32dcdf799c6cff2f
io.github.etspaceman	kinesis4cats-smithy4s-client-localstack_2.13	0.0.26		7a06b0d02bbb1438ac7306d43c210b7ac0e55062
io.github.etspaceman	kinesis4cats-smithy4s-client-localstack_2.13	0.0.27		5827b1cb8b529749643a4dd7063f2206dd9fb104
io.github.etspaceman	kinesis4cats-smithy4s-client-localstack_2.13	0.0.28		0ae837b413181a4c3ba155a495537586d8fd8796
io.github.etspaceman	kinesis4cats-smithy4s-client-localstack_2.13	0.0.29		9b8d74568afb7857974d59b2c1d438ed8f465cf5
io.github.etspaceman	kinesis4cats-smithy4s-client-localstack_2.13	0.0.3		767efc2e48b7fbf19c18fea409caf4c329d99ace
io.github.etspaceman	kinesis4cats-smithy4s-client-localstack_2.13	0.0.30		a67a0aa4f2589d8102489f62a1fe0b16092b73d2
io.github.etspaceman	kinesis4cats-smithy4s-client-localstack_2.13	0.0.32		ce414f90855e5edc7bcfac3adfcc5d7ca5cd4fe9
io.github.etspaceman	kinesis4cats-smithy4s-client-localstack_2.13	0.0.33		99fefa28d6e2bb37614f04a45d4c352ab6ecb7f9
io.github.etspaceman	kinesis4cats-smithy4s-client-localstack_2.13	0.0.4		0a0a8e02799f5ba5797f43a8c97dd59453062ede
io.github.etspaceman	kinesis4cats-smithy4s-client-localstack_2.13	0.0.5		e24c934d236f64b297d1ba39b2b2985d694ea8ef
io.github.etspaceman	kinesis4cats-smithy4s-client-localstack_2.13	0.0.6		5f562bc946392af76baba5e217f563985e7bc5c0
io.github.etspaceman	kinesis4cats-smithy4s-client-localstack_2.13	0.0.7		0ea2d305d099b5c527a8eefd1b47f09db9720354
io.github.etspaceman	kinesis4cats-smithy4s-client-localstack_2.13	0.0.8		c0796191e123747209180ad173f49d0be397ce32
io.github.etspaceman	kinesis4cats-smithy4s-client-localstack_2.13	0.0.9		cbc12683569fbb2ce0c9f6b4a214ab198b136e07
io.github.etspaceman	kinesis4cats-smithy4s-client-localstack_2.13	0.1.0		616ec8029b04db0c6dc31182d29284e0101df5e5
io.github.etspaceman	kinesis4cats-smithy4s-client-localstack_2.13	0.1.1		d6b7da90fba8080230a0632880ee9324512b88d6
io.github.etspaceman	kinesis4cats-smithy4s-client-localstack_2.13	0.1.2		9fa45d11f976325e024ecb0fbe0ec7f9efbb6944
io.github.gao746700783	rvBindingAdapter	0.0.4		N/A
io.github.luochangcheng	ccboot-starter-parent	1.2		N/A
io.github.luochangcheng	ccboot-starter-parent	1.3		N/A
io.github.luochangcheng	ccboot-starter-parent	1.4		N/A
io.github.microsphere-projects	microsphere-java-parent	0.0.3		N/A
io.github.microsphere-projects	microsphere-java-parent	0.0.4		N/A
io.github.microsphere-projects	microsphere-java-parent	0.0.5		N/A
io.github.microsphere-projects	microsphere-java-parent	0.0.6		N/A
io.github.microsphere-projects	microsphere-java-parent	0.0.7		N/A
io.github.microsphere-projects	microsphere-java-parent	0.0.8		N/A
io.github.microsphere-projects	microsphere-java-parent	0.0.9		N/A
io.github.microsphere-projects	microsphere-java-parent	0.1.0		N/A
io.github.samuel-unknown	gallery-image-picker-coil	1.2.0		N/A
io.github.samuel-unknown	gallery-image-picker-coil	1.3.0		N/A
io.github.samuel-unknown	gallery-image-picker-coil	1.4.0		N/A
io.github.samuel-unknown	gallery-image-picker-coil	1.5.0		N/A
io.github.samuel-unknown	gallery-image-picker-coil	1.6.0		N/A
io.github.samuel-unknown	gallery-image-picker-coil	1.6.1		N/A
io.github.samuel-unknown	gallery-image-picker-coil	1.6.2		N/A
io.github.samuel-unknown	gallery-image-picker-coil	1.6.3		N/A
io.github.samuel-unknown	gallery-image-picker-coil	1.7.0		N/A
io.github.shomeier	openapi-util-maven-plugin	1.0.0		9e764cd89ce9a20ff2ae49a3fb24a99a8926c34b
io.github.shomeier	openapi-util-maven-plugin	1.0.1		b9b3ab2b68a2d44790589c9e0e4dfb420e5a3f3f
io.github.shomeier	openapi-util-maven-plugin	1.1.0		9884ea34c51ad717f867f657fc88e2f53dc226b5
io.github.shomeier	openapi-util-maven-plugin	1.2.0		45303dde52c94529c55f24adf25c3279c6fdb828
io.github.shomeier	openapi-util-maven-plugin	1.2.1		2106554732c241019c28fbef7fa86b6fcf117a61
io.github.shomeier	openapi-util-maven-plugin	1.2.2		e2038327683aa61be388c091310ebaf71b5d52f5
io.github.vigoo	zio-aws-lakeformation_2.12	2.14.3.0		bf3b80774a87bf197cba112af7f629ff4376d0c3
io.github.vigoo	zio-aws-lakeformation_2.12	2.14.7.0		2cb54902fff5471a9effc322438903c6fd1b8302
io.github.vigoo	zio-aws-lakeformation_2.12	3.15.16.3		e262f107f9bcf347097e712497b6fd8e3cb9d3ea
io.github.vigoo	zio-aws-lakeformation_2.12	3.15.16.5		6ed42865c56978ee3e780e9794dd89a79ff42c52
io.github.vigoo	zio-aws-lakeformation_2.12	3.15.16.7		60d368e9c72deb5259fade8b01d28be3302e4da7
io.github.vigoo	zio-aws-lakeformation_2.12	3.15.16.8		0d0a5e20e7bc2f73792ef6794768ef73cd4f2f0a
io.github.vigoo	zio-aws-lakeformation_2.12	3.15.19.1		e4dfe6bcd27999a31bffe0985b58f54766bf5c5d
io.github.vigoo	zio-aws-lakeformation_2.12	3.15.19.10		4e93de1ab736d4538f3bf9e4343e48ef5ae8ea39
io.github.vigoo	zio-aws-lakeformation_2.12	3.15.19.11		80745f6218e465dfc8bf9a78d788744caa64e096
io.github.vigoo	zio-aws-lakeformation_2.12	3.15.19.2		c1a8193ff4e52a8ed4dea07cadda9531384af07e
io.github.vigoo	zio-aws-lakeformation_2.12	3.15.19.3		460475baae3df230551673d26c1f2f1bf5e4fea3
io.github.vigoo	zio-aws-lakeformation_2.12	3.15.19.6		e5cd1028bd34286f64bdc552134af12c9688e9c7
io.github.vigoo	zio-aws-lakeformation_2.12	3.15.19.7		2b7a89f67c853e58d6b29af823fc2b53831e6510
io.github.vigoo	zio-aws-lakeformation_2.12	3.15.19.8		cf0abd6cc39b23539616606672edae47617bb476
io.github.vigoo	zio-aws-lakeformation_2.12	3.15.19.9		55c612c54ade5b8f8d29aaf5dd4aee9899f36d4b
io.github.vigoo	zio-aws-lakeformation_2.12	3.15.31.3		95d4c12fb6c4cd8d29432e4c49611e87db9cc80f
io.github.vigoo	zio-aws-lakeformation_2.12	3.15.32.1		48830e5b89b24194830986ce8ceffe8fc5e42cd3
io.github.vigoo	zio-aws-lakeformation_2.12	3.15.32.2		b45d76450763b20e9408844aec09e39c5aa4c02e
io.github.vigoo	zio-aws-lakeformation_2.12	3.15.33.2		d570d7c5e4c9f76bfb9e790ce73c2bb5d1219d02
io.github.vigoo	zio-aws-lakeformation_2.12	3.15.33.3		9cf94fe387b0dd9ebaafa0a66863a7ddf91b26da
io.github.vigoo	zio-aws-lakeformation_2.12	3.15.33.4		d4e3ad215325da0ed8ea5c0eb690b604e8cbbe5c
io.github.vigoo	zio-aws-lakeformation_2.12	3.15.34.1		473061f84c22037276aa37be91717534befced34
io.github.vigoo	zio-aws-lakeformation_2.12	3.15.34.2		b108b84994b4231a10750a422b279f01fc101f01
io.github.vigoo	zio-aws-lakeformation_2.12	3.15.34.3		d8a8fafefcf67d38bde9f549087323a38389eaad
io.github.vigoo	zio-aws-lakeformation_2.12	3.15.35.1		184a069a9bdae46dd42d0da10e392ecade5e0122
io.github.vigoo	zio-aws-lakeformation_2.12	3.15.35.2		778a64575bdb95be595bbd38435f0bc5396ba2ba
io.github.vigoo	zio-aws-lakeformation_2.12	3.15.35.3		c9c01cdb25a9cb97db49886d48be5225224052ab
io.github.vigoo	zio-aws-lakeformation_2.12	3.15.35.4		0d94fa7c6737bffc7814979a80b830801a1499f9
io.github.vigoo	zio-aws-lakeformation_2.12	3.15.35.5		5ed2883296e00e747a4f1f5f785718ca5958be4c
io.github.vigoo	zio-aws-lakeformation_2.12	3.15.38.1		0be54f6cb2cc6b06ffc855e52d811f17ffe0a345
io.github.vigoo	zio-aws-lakeformation_2.12	3.15.40.1		2cabe5efcb6303089ae33e5fa59b97f7551593af
io.github.vigoo	zio-aws-lakeformation_2.12	3.15.40.2		d3504661fd127a8a8fccf0c6e0e5eebc37d99c05
io.github.vigoo	zio-aws-lakeformation_2.12	3.15.40.3		94038fa84c3f9dcd2b3b701d1bf460ba6a1e1360
io.github.vigoo	zio-aws-lakeformation_2.12	3.15.42.1		54f9a76694b0fa659d07c304121b6669fce4b2b4
io.github.vigoo	zio-aws-lakeformation_2.12	3.15.42.12		8727d37e7c67c9c997824da1c29f9eed548b9420
io.github.vigoo	zio-aws-lakeformation_2.12	3.15.42.2		99476119c638d4b6c1577fab9b4ebcff2bd1f983
io.github.vigoo	zio-aws-lakeformation_2.12	3.15.42.3		688cbbdc2ece07e1854e97f73f931d7be027ab81
io.github.vigoo	zio-aws-lakeformation_2.12	3.15.45.1		d2f680b5cdeda2816f3b7331b9edadfafb046687
io.github.vigoo	zio-aws-lakeformation_2.12	3.15.45.2		b32d9cc7864938555062f9db845a8bff24513335
io.github.vigoo	zio-aws-lakeformation_2.12	3.15.45.3		269743ec98198bda2fe9e91bc80fc99e71c1fc70
io.github.vigoo	zio-aws-lakeformation_2.12	3.15.48.1		9bf0e3a3d3b690adb120dbd3b3ba7f79b0a36e7b
io.github.vigoo	zio-aws-lakeformation_2.12	3.15.48.2		ed35e1fbc33d12c382981c8724f49f4416ebe7ef
io.github.vigoo	zio-aws-lakeformation_2.12	3.15.49.1		acb18c35a19e59ff35146811749dae79b1fe40ae
io.github.vigoo	zio-aws-lakeformation_2.12	3.15.49.2		c257964dc9398c1ba79e56ae4d104b4fe7fea5fa
io.github.vigoo	zio-aws-lakeformation_2.12	3.15.50.2		c7d6128e75e90edd7167bb66c859aec8393fa8ef
io.github.vigoo	zio-aws-lakeformation_2.12	3.15.51.1		6af899bc8b89a9706dfedc2edb7781699a5f2710
io.github.vigoo	zio-aws-lakeformation_2.12	3.15.51.2		f8b03a74df16701bd919882a6a14ce12dabac0a0
io.github.vigoo	zio-aws-lakeformation_2.12	3.15.53.1		f0a37ea9c9a22572012239aab03477abd6874691
io.github.vigoo	zio-aws-lakeformation_2.12	3.15.53.2		78ed20d810ff0a514ca59eed080197048cc479c2
io.github.vigoo	zio-aws-lakeformation_2.12	3.15.53.3		b66db377c427f1b630a734729274c304ca69dda2
io.github.vigoo	zio-aws-lakeformation_2.12	3.15.57.1		6461cbb765cce2f90c1638d7733641dc419d778d
io.github.vigoo	zio-aws-lakeformation_2.12	3.15.58.1		3dfe11e5ee020ee8d5900af3e0ba10f7d9e49624
io.github.vigoo	zio-aws-lakeformation_2.12	3.15.60.1		6cb683a3b7486a907779f4842b88c65e190f17eb
io.github.vigoo	zio-aws-lakeformation_2.12	3.15.61.1		a0f836e6bef3173643f046c697ecdf8517bc0eb7
io.github.vigoo	zio-aws-lakeformation_2.12	3.15.63.1		c07e6c4b596de4eb959fa1957ac17e93743f9b7c
io.github.vigoo	zio-aws-lakeformation_2.12	3.15.65.2		0152754385539b031a6597c9bf9ced0a7c71dee8
io.github.vigoo	zio-aws-lakeformation_2.12	3.15.65.3		e733c884747f05ef2aa82f5cf25db9c909815bec
io.github.vigoo	zio-aws-lakeformation_2.12	3.15.66.2		8d07f6179e757de27065fadffe46921dfc9b412f
io.github.vigoo	zio-aws-lakeformation_2.12	3.15.66.3		06a88ae439dced378e52450858b7fb01960cb96b
io.github.vigoo	zio-aws-lakeformation_2.12	3.15.67.1		f2269f6c6124548d2ae98239ce74bcf56edf8d87
io.github.vigoo	zio-aws-lakeformation_2.12	3.15.68.2		aaff0558dfaa8e41015de1f2c444b65168c1f498
io.github.vigoo	zio-aws-lakeformation_2.12	3.15.68.3		065d0d6c10f6dc48e49a32357347421f37ffdc0c
io.github.vigoo	zio-aws-lakeformation_2.12	3.15.69.1		369349b2edbfb31e8550caa4e7c30ef0e2670abf
io.github.vigoo	zio-aws-lakeformation_2.12	3.15.69.2		2b4779c78bef76a8cb5381a5fa0bd381255ce4d8
io.github.vigoo	zio-aws-lakeformation_2.12	3.15.69.3		7b4313387ff6506b163b8d50e901a4943373a074
io.github.vigoo	zio-aws-lakeformation_2.12	3.15.70.1		2191c4e9e6e72e5e36ab0c16b39e9dbd61e3c5cb
io.github.vigoo	zio-aws-lakeformation_2.12	3.15.71.1		bbd8107533a0e4b8d605361c69672e84a78c7ed8
io.github.vigoo	zio-aws-lakeformation_2.12	3.15.71.2		37ad63f45386b94e4fa7b4a3f8c860cf8b791274
io.github.vigoo	zio-aws-lakeformation_2.12	3.15.71.3		57a12520e2834dceb5ad85c7f490ac3b61f047ef
io.github.vigoo	zio-aws-lakeformation_2.12	3.15.73.1		dc0cb2ea9b0c6c19f903478db80a75fe521c0f09
io.github.vigoo	zio-aws-lakeformation_2.12	3.15.73.2		0c769bec725a6c836876052b095f8eb570cb19f6
io.github.vigoo	zio-aws-lakeformation_2.12	3.15.73.3		b2e647f6532d5bfa246dc880af96e51f6fa0856d
io.github.vigoo	zio-aws-lakeformation_2.12	3.15.73.4		85b3c53e6969b9c75594ff2b7ba2d590e5a9c541
io.github.vigoo	zio-aws-lakeformation_2.12	3.15.74.1		fbd1b25d9a00a410f11f5bc2ce71281df5dd9342
io.github.vigoo	zio-aws-lakeformation_2.12	3.15.74.2		b5eab300258165fa58a1840cb0dc52996d37c3cb
io.github.vigoo	zio-aws-lakeformation_2.12	3.15.77.1		77d73e78c2d1caa579b8fbaf34840184da37f19f
io.github.vigoo	zio-aws-lakeformation_2.12	3.15.77.2		6e3f8dcc4f8d1888c1e9fa5b17490c02b2fcbab6
io.github.vigoo	zio-aws-lakeformation_2.12	3.15.79.1		32939e1283f8cecbe187c99bba7f5e6ac930a3ad
io.github.vigoo	zio-aws-lakeformation_2.12	3.15.80.1		3e6d6851ed2ec474257a70a2b602d216ddaf006b
io.github.vigoo	zio-aws-lakeformation_2.12	3.15.80.2		3e6eec1661aa2f5330ae49da7ef406a4b5f7678a
io.github.vigoo	zio-aws-lakeformation_2.12	3.15.81.1		9251cc6706c7f5ee2746545a13e6cd8f51fd513d
io.github.vigoo	zio-aws-lakeformation_2.12	3.15.81.2		63aa9af66adebb3ad0d8e39121d4253f2181eb98
io.github.vigoo	zio-aws-lakeformation_2.12	3.15.82.1		4ebaf52ea90234ccfbc8ed4b342a796ac37733b4
io.github.vigoo	zio-aws-lakeformation_2.12	3.15.82.2		ed114af1e1913576d47cba5d1429c34d8afb8e4f
io.github.vigoo	zio-aws-lakeformation_2.12	3.15.82.3		e07e22c49e491fd1cf845c73755f2decc1951074
io.github.vigoo	zio-aws-lakeformation_2.12	3.16.0.1		7140dd426b616ef008c81cbb474440551056865f
io.github.vigoo	zio-aws-lakeformation_2.12	3.16.0.2		3b9280e12b2b369b9b0f74ed89afb8988fdaa5a2
io.github.vigoo	zio-aws-lakeformation_2.12	3.16.1.1		a700b7a03b4449c6d38ed1e77b04e66b2ecc9e0f
io.github.vigoo	zio-aws-lakeformation_2.12	3.16.1.2		98574085adefa70857cb7941fc0c73b1946eed5d
io.github.vigoo	zio-aws-lakeformation_2.12	3.16.100.1		70bdebf85271630febfe3ac90f7ce8179affbb1c
io.github.vigoo	zio-aws-lakeformation_2.12	3.16.101.1		16658b1848e972fa50cf3f22517cbc5a33520516
io.github.vigoo	zio-aws-lakeformation_2.12	3.16.102.1		c86e652a470028306dab1ba27f796e850736a2d2
io.github.vigoo	zio-aws-lakeformation_2.12	3.16.102.2		afd07b5a7522c9a580ae4192c48090c1eea4572c
io.github.vigoo	zio-aws-lakeformation_2.12	3.16.104.1		396816bce38199eea23e5a56c3b1e0dd9c2ad4d1
io.github.vigoo	zio-aws-lakeformation_2.12	3.16.13.1		f2218683be8ea3e502b67c351bf88f14d8d1bc7f
io.github.vigoo	zio-aws-lakeformation_2.12	3.16.13.2		cff86b4117a4dc52753bcfab33256b1ddfac8336
io.github.vigoo	zio-aws-lakeformation_2.12	3.16.14.1		18709909103474140a6e759862f097962384cfb0
io.github.vigoo	zio-aws-lakeformation_2.12	3.16.14.2		26322301732269aff17fd89c6e9912e25b7e5f91
io.github.vigoo	zio-aws-lakeformation_2.12	3.16.16.1		6c0f27474e4fc35afe32de97b51df926b97ca7b8
io.github.vigoo	zio-aws-lakeformation_2.12	3.16.17.1		7ac3f315d29dd7273241609d18808e30c06f419b
io.github.vigoo	zio-aws-lakeformation_2.12	3.16.17.2		b2034b807333c04ef18eed2dce47f9928387fec5
io.github.vigoo	zio-aws-lakeformation_2.12	3.16.18.1		aeed35aeb67beb3fcd7b5726f505da9b571bbeb6
io.github.vigoo	zio-aws-lakeformation_2.12	3.16.18.2		2e56588cb72296ab37b9ddb6df8a5456a25c9936
io.github.vigoo	zio-aws-lakeformation_2.12	3.16.18.3		4f1e73b245ad1e768195f6e2319540efe04d436f
io.github.vigoo	zio-aws-lakeformation_2.12	3.16.20.2		2a17a65b7d0dc4395673e4bd53dc8d4873708afa
io.github.vigoo	zio-aws-lakeformation_2.12	3.16.20.3		c3a8184e40347651ca59e97fae2e00fba9f958f0
io.github.vigoo	zio-aws-lakeformation_2.12	3.16.20.4		a08c73d78d6c788e25cb5e3ad48befdfcd8d92a1
io.github.vigoo	zio-aws-lakeformation_2.12	3.16.20.5		4a17bd5f78390a581db5ecacb478555d2fc11cf3
io.github.vigoo	zio-aws-lakeformation_2.12	3.16.20.6		29261a17e2f1a8c446b2612b086f27a676b799a6
io.github.vigoo	zio-aws-lakeformation_2.12	3.16.20.7		6c24a0be511a76f339a6d480f309d3ec7e619b78
io.github.vigoo	zio-aws-lakeformation_2.12	3.16.3.1		12d96d474ff24e702e6f75ed69074fcf73b4586e
io.github.vigoo	zio-aws-lakeformation_2.12	3.16.3.2		1557c8ca8fd131a9ae60cc898cb9a7cac9a3d611
io.github.vigoo	zio-aws-lakeformation_2.12	3.16.34.1		226e5be951e8253e81f7df230ac1ca4b71647a69
io.github.vigoo	zio-aws-lakeformation_2.12	3.16.34.2		17b9b3d577ee757fec6c6002cb99da61d14d8c64
io.github.vigoo	zio-aws-lakeformation_2.12	3.16.35.1		89f51b6a3994e7edd585bfda4dfe376e9b9141be
io.github.vigoo	zio-aws-lakeformation_2.12	3.16.36.1		bed2efa3c84fb3445bc8a4187038ba7044ce6578
io.github.vigoo	zio-aws-lakeformation_2.12	3.16.36.2		f2adeb025605e0783a6d17ea23eee69c183b81e2
io.github.vigoo	zio-aws-lakeformation_2.12	3.16.37.1		ecc97b7bdd8601bc67c35a7101b707f41272bc9f
io.github.vigoo	zio-aws-lakeformation_2.12	3.16.37.2		cbec38eab73f3971d1a87f5af7ad4715064d843e
io.github.vigoo	zio-aws-lakeformation_2.12	3.16.38.1		c1cdf70a9296f5577a07cef6ac7926744ed1e45f
io.github.vigoo	zio-aws-lakeformation_2.12	3.16.39.1		82b14bd0e4bfb898251dc2640ba93418976dbb77
io.github.vigoo	zio-aws-lakeformation_2.12	3.16.39.2		642049c873fb67cb414e2785b6125cab9e958a48
io.github.vigoo	zio-aws-lakeformation_2.12	3.16.4.1		8633bb6dc6ab0f40fec1fb43fb39f9d57592a2a4
io.github.vigoo	zio-aws-lakeformation_2.12	3.16.4.2		2463dd00970e6184268ad8b4ba4adc7b995fbbd9
io.github.vigoo	zio-aws-lakeformation_2.12	3.16.40.1		f027fe3b749c6bc31751f9faae1fbaf88784e543
io.github.vigoo	zio-aws-lakeformation_2.12	3.16.42.1		09e31cfdfa011cc46dc7869eb60651a8e42a1ebf
io.github.vigoo	zio-aws-lakeformation_2.12	3.16.43.1		d2d0b8e36faa47251fd51bd02b6a1127a268fcfe
io.github.vigoo	zio-aws-lakeformation_2.12	3.16.43.2		6fa436a7aca0c687881d500cfcde4062846d81e1
io.github.vigoo	zio-aws-lakeformation_2.12	3.16.44.1		14febf8557e3ac5d360bc1f4e26c5191fa8435c8
io.github.vigoo	zio-aws-lakeformation_2.12	3.16.44.3		d8b685874786e729de081c3184dce309d0eabe54
io.github.vigoo	zio-aws-lakeformation_2.12	3.16.45.1		5524cad1a8b1a76df5e8d1a18fa53510909ff174
io.github.vigoo	zio-aws-lakeformation_2.12	3.16.46.1		2a9c139f6f4d8075fda01e35c529abc69a127b7d
io.github.vigoo	zio-aws-lakeformation_2.12	3.16.46.2		ea8a3a7347bbd99c26a5f625f05a10e87581a4a5
io.github.vigoo	zio-aws-lakeformation_2.12	3.16.47.1		37d780efa4867a9a6febae060107b30aa8ea5e24
io.github.vigoo	zio-aws-lakeformation_2.12	3.16.47.2		e21e112d1d729d4fba11c0694e05485d2dc4238c
io.github.vigoo	zio-aws-lakeformation_2.12	3.16.48.1		75043de96f6dea3cccc715f49988c19db05302b1
io.github.vigoo	zio-aws-lakeformation_2.12	3.16.5.1		ea8e99439304d43104340b4a1ab2556dedd43be7
io.github.vigoo	zio-aws-lakeformation_2.12	3.16.5.2		c03935b7b9adea2229167dc97d7a841bd6bcd604
io.github.vigoo	zio-aws-lakeformation_2.12	3.16.50.1		8897645c54090e4382ce1f4674f74036bfa97687
io.github.vigoo	zio-aws-lakeformation_2.12	3.16.51.1		802f5e42db940bb28d2f67717a77e8578d711561
io.github.vigoo	zio-aws-lakeformation_2.12	3.16.52.1		8c46b22da2022aa3dee742e1a1cfe95daea87dc8
io.github.vigoo	zio-aws-lakeformation_2.12	3.16.54.1		c9bf0f7d48867c73a2b21ebefdac03ace0adf690
io.github.vigoo	zio-aws-lakeformation_2.12	3.16.57.1		2f4afc6c6acbed636dd477b5a414d434df16124a
io.github.vigoo	zio-aws-lakeformation_2.12	3.16.57.2		9ce9d7b47cabf8dfd571a6cfd5eb320accd91126
io.github.vigoo	zio-aws-lakeformation_2.12	3.16.59.1		73a97f27c1321704becf35c41c497182b0b3397c
io.github.vigoo	zio-aws-lakeformation_2.12	3.16.6.1		a439a4b237c35caff9a47178346f360a789c4893
io.github.vigoo	zio-aws-lakeformation_2.12	3.16.60.1		82fc84ded7210b4eb78d6499f304a62170f067a0
io.github.vigoo	zio-aws-lakeformation_2.12	3.16.60.2		c891e364b7562a49575f7c42eaf187d14dc548ee
io.github.vigoo	zio-aws-lakeformation_2.12	3.16.61.1		cd15a230e7558b1c6d79c9c2b9d6e5e2d75f3efa
io.github.vigoo	zio-aws-lakeformation_2.12	3.16.61.2		51f9aa25f01e16695cc865b1fe86bc3f8136ba10
io.github.vigoo	zio-aws-lakeformation_2.12	3.16.62.1		5c7a13895a31a6232cdcb5ca9e68510b9d8da6d4
io.github.vigoo	zio-aws-lakeformation_2.12	3.16.62.2		60d8019dafcaaf5d136002f8a4d3cec929ec5d1a
io.github.vigoo	zio-aws-lakeformation_2.12	3.16.62.3		e35cf69f793b82fc1628e57bef571a65ac004816
io.github.vigoo	zio-aws-lakeformation_2.12	3.16.66.1		19433681d9629a3ba32c075e040fa5e2a9ed2f41
io.github.vigoo	zio-aws-lakeformation_2.12	3.16.68.1		f6b94fc89f47a3e4c07db9ba6e275de01bb3b2d0
io.github.vigoo	zio-aws-lakeformation_2.12	3.16.69.1		3d6daf2e3450d9c669cfcddd1a78cf595e42662a
io.github.vigoo	zio-aws-lakeformation_2.12	3.16.69.3		32e2101feecda41d4def3340f67360ce0f3fad57
io.github.vigoo	zio-aws-lakeformation_2.12	3.16.7.1		c415d17e52104cb3740ca94d516bcf23d371de0c
io.github.vigoo	zio-aws-lakeformation_2.12	3.16.70.1		c7c627cbdf4136b1f6f91e86510848eb6520b864
io.github.vigoo	zio-aws-lakeformation_2.12	3.16.70.2		7532847e7495ca50860f11e2e8c314baa6670bc5
io.github.vigoo	zio-aws-lakeformation_2.12	3.16.70.3		cd75cb06f69cb1261369b2399e0fca26252f3157
io.github.vigoo	zio-aws-lakeformation_2.12	3.16.72.1		e6011cec9b66c89f33ee723b94874803486b36bf
io.github.vigoo	zio-aws-lakeformation_2.12	3.16.73.1		f76c092527f19885e79e9f4da5c047044f5b16c6
io.github.vigoo	zio-aws-lakeformation_2.12	3.16.74.1		e2103dfdf50c32a2d611ee977b1c0d9e13b13b24
io.github.vigoo	zio-aws-lakeformation_2.12	3.16.74.2		36a507be6c708a0f99eab2e2f2e30ee42716f857
io.github.vigoo	zio-aws-lakeformation_2.12	3.16.74.3		616dbd7dbef3a28f9d9ab88888d81f67f6b3b636
io.github.vigoo	zio-aws-lakeformation_2.12	3.16.74.4		bf6b458b57aff1a5100e40c1548f4190b7fb19cd
io.github.vigoo	zio-aws-lakeformation_2.12	3.16.74.5		db347b69695ef00629c4c930cf3bce62479120d4
io.github.vigoo	zio-aws-lakeformation_2.12	3.16.74.6		d1ff710092955b6dd8de72d500cdcad8b123a0cf
io.github.vigoo	zio-aws-lakeformation_2.12	3.16.76.1		f3c0f2342a79ce0bd0a07374e2cc1c4b5069c27e
io.github.vigoo	zio-aws-lakeformation_2.12	3.16.77.1		952fd12a05d2077004b83cd7bda9db3a048119b1
io.github.vigoo	zio-aws-lakeformation_2.12	3.16.78.1		958d06d9696161fa9d365d3068f56fbd66990a97
io.github.vigoo	zio-aws-lakeformation_2.12	3.16.78.3		45ba57cbbd7fb2a79434589125d6e50bfbe77462
io.github.vigoo	zio-aws-lakeformation_2.12	3.16.78.4		5a22f2006b119ac2e91d72f0c02c72327cf3d64b
io.github.vigoo	zio-aws-lakeformation_2.12	3.16.78.5		471e2604e7a14a4c45bac5ffcdbd3f7c669e1cf9
io.github.vigoo	zio-aws-lakeformation_2.12	3.16.78.6		b794880003670bba52a06ae79cb6600d71afd21b
io.github.vigoo	zio-aws-lakeformation_2.12	3.16.79.1		c976b5f387d35c9b5cc382cf10825af4ba71d3de
io.github.vigoo	zio-aws-lakeformation_2.12	3.16.79.2		13df8a6c330c8612dd634ee00aa5eecd40698a56
io.github.vigoo	zio-aws-lakeformation_2.12	3.16.79.3		9fcbde353823b20c4d86d85307c6b7ea59099ef5
io.github.vigoo	zio-aws-lakeformation_2.12	3.16.8.1		987fbef71252eeefeef7916ab2bef537681a7836
io.github.vigoo	zio-aws-lakeformation_2.12	3.16.8.2		d79f7960c55d002502e4a8a8b2b354b98e0e6c3c
io.github.vigoo	zio-aws-lakeformation_2.12	3.16.87.1		619bad6a1cf38b09f9cedd9c5027b24348d931bc
io.github.vigoo	zio-aws-lakeformation_2.12	3.16.88.1		0ace916351751b1d536ca8be4847a17419343fe4
io.github.vigoo	zio-aws-lakeformation_2.12	3.16.89.1		4469ed976a36c7d98886230fbc7aa20d1deb3224
io.github.vigoo	zio-aws-lakeformation_2.12	3.16.90.1		c335d04064f809f7aa1e134a09090d4e01e06bec
io.github.vigoo	zio-aws-lakeformation_2.12	3.16.91.1		dd708a7f2ce5d48ac384948813c9bfcadd5099c4
io.github.vigoo	zio-aws-lakeformation_2.12	3.16.92.1		18a96b9692b5d235598febf06dcaa56ed9e83407
io.github.vigoo	zio-aws-lakeformation_2.12	3.16.92.2		5ef894fa7b9ff303c3339e4fa9faebc8af8cfbbe
io.github.vigoo	zio-aws-lakeformation_2.12	3.16.94.1		eb134a2e2769aaaae81c5d14fa8af25645083a97
io.github.vigoo	zio-aws-lakeformation_2.12	3.16.95.1		43b7e13e3dd612273ad007669718adb7be7a2655
io.github.vigoo	zio-aws-lakeformation_2.12	3.16.95.2		fe7133c36e7061139a1d5d8b83a05de5de863557
io.github.vigoo	zio-aws-lakeformation_2.12	3.16.96.1		19267dd1bd967166c429b2dfa64c72f65a71bca1
io.github.vigoo	zio-aws-lakeformation_2.12	3.16.97.1		d5d18caf206067d80f0dd3bab7fba9d978d8594d
io.github.vigoo	zio-aws-lakeformation_2.12	3.16.97.2		0fffce978831f03cfdeeee29c08d3880d1575b49
io.github.vigoo	zio-aws-lakeformation_2.12	3.16.97.3		60398deee466dbb467496e96381cd7a02864ae94
io.github.vigoo	zio-aws-lakeformation_2.12	3.16.99.1		c8ea3dee73565fa2292e56060dafd76c0c39a358
io.github.vigoo	zio-aws-lakeformation_2.12	3.17.1.1		6fec12383952750164bbb5e7e0ef2028ea31311b
io.github.vigoo	zio-aws-lakeformation_2.12	3.17.100.1		3e2b2bc81591c49629438109946369d58f28c8f5
io.github.vigoo	zio-aws-lakeformation_2.12	3.17.100.3		c9982a33f66a12326e1691afa6e30d36a2597566
io.github.vigoo	zio-aws-lakeformation_2.12	3.17.101.1		dc0c53df5131c77acf7aac84c33c49bae1825e15
io.github.vigoo	zio-aws-lakeformation_2.12	3.17.102.4		de9b6e5173bc63c3349801535ba9e871d185fe0e
io.github.vigoo	zio-aws-lakeformation_2.12	3.17.102.5		b7c955b36700c0804b44c7e3e53e877240bf4a33
io.github.vigoo	zio-aws-lakeformation_2.12	3.17.102.6		35cf830560b80665049e781c66f47532e0aa0820
io.github.vigoo	zio-aws-lakeformation_2.12	3.17.103.1		d8ffbff138aae1bff81a9fdd94e91b28031d97e0
io.github.vigoo	zio-aws-lakeformation_2.12	3.17.104.1		a335dd8dca14a20eb6c656c4eebfe125b5fa434f
io.github.vigoo	zio-aws-lakeformation_2.12	3.17.104.2		710a3b055906a5bdb2bdef23f4b67008f7eba70d
io.github.vigoo	zio-aws-lakeformation_2.12	3.17.104.3		ce417d15bfb711c0972e650adfbd666087bd7688
io.github.vigoo	zio-aws-lakeformation_2.12	3.17.104.4		f7475d5c2eff6c867b929fc39865834da75b8f83
io.github.vigoo	zio-aws-lakeformation_2.12	3.17.104.5		5ffabcd4dfaabc94064174bd9bc666a2d4ee8c37
io.github.vigoo	zio-aws-lakeformation_2.12	3.17.104.7		91d92c5af29ba329b0696ecffa1d841939f3a277
io.github.vigoo	zio-aws-lakeformation_2.12	3.17.11.1		bb5c0f7f12a564a68752d844647737b23bede7d2
io.github.vigoo	zio-aws-lakeformation_2.12	3.17.12.1		e6559f768bd3234c13b4f069a9e7157bfe9273af
io.github.vigoo	zio-aws-lakeformation_2.12	3.17.12.2		590b163d8b0714d69cf5070893defca01c33c2b0
io.github.vigoo	zio-aws-lakeformation_2.12	3.17.12.3		45d71e128b1751aed56171509fce4299ef547f83
io.github.vigoo	zio-aws-lakeformation_2.12	3.17.19.1		cdc5f3968bd756319bb134525facd7b858d7bad9
io.github.vigoo	zio-aws-lakeformation_2.12	3.17.2.1		2c43d2f1d2fdeba9a503418dde7702f9eb67e26b
io.github.vigoo	zio-aws-lakeformation_2.12	3.17.20.1		4ecf4a6a7cfd527c533d4be6cf107db8e84a1573
io.github.vigoo	zio-aws-lakeformation_2.12	3.17.21.1		760199692565233d398e34814e9d87a7f356bc9e
io.github.vigoo	zio-aws-lakeformation_2.12	3.17.21.2		3290996fc297e43be5f834d41fb601c22f0201da
io.github.vigoo	zio-aws-lakeformation_2.12	3.17.22.1		2d80ce8c2180d301935b1a66dc435ffec1bec2b8
io.github.vigoo	zio-aws-lakeformation_2.12	3.17.23.1		2da6799a1f3279598bce118163883f25c1604830
io.github.vigoo	zio-aws-lakeformation_2.12	3.17.24.1		fb39d8edcff6428c71b880845dba9b8ea34bda20
io.github.vigoo	zio-aws-lakeformation_2.12	3.17.24.2		b37b01f9e4520e956424e85353537a5f44006ae4
io.github.vigoo	zio-aws-lakeformation_2.12	3.17.25.1		5223c78b3514983c521cdba7b36bdaeca0a83645
io.github.vigoo	zio-aws-lakeformation_2.12	3.17.26.1		6b5eaad74b509b536126057c53f396c8d2cecf17
io.github.vigoo	zio-aws-lakeformation_2.12	3.17.26.2		d208bbce7395d82f3a57c9d0a602f9fbb28f1844
io.github.vigoo	zio-aws-lakeformation_2.12	3.17.27.1		8fbfbd55070fcaa0a8e9b635b184b04a4411b8f3
io.github.vigoo	zio-aws-lakeformation_2.12	3.17.27.2		0c24cf180797b2b2bd1befb0384f2999f5bb85af
io.github.vigoo	zio-aws-lakeformation_2.12	3.17.29.1		aee0b38be325769d5829435504f00585f845e25a
io.github.vigoo	zio-aws-lakeformation_2.12	3.17.30.1		047c7b319d8e1bbc4001cbd8604f1e551fb0ae03
io.github.vigoo	zio-aws-lakeformation_2.12	3.17.31.1		01162898fa6a9f9e90e83ece4867432bf77a80ca
io.github.vigoo	zio-aws-lakeformation_2.12	3.17.31.2		70711277e43686d4b6a4f462a982e112033167a9
io.github.vigoo	zio-aws-lakeformation_2.12	3.17.33.1		15e31eea919a632abfcffb76416c52ace213e982
io.github.vigoo	zio-aws-lakeformation_2.12	3.17.34.1		60aeeb98834e106b9b8316997363ac9e67ac37df
io.github.vigoo	zio-aws-lakeformation_2.12	3.17.35.1		01a9efff3c10b40c777922a097d4cd7729aab7c0
io.github.vigoo	zio-aws-lakeformation_2.12	3.17.36.1		11fb2b2bd33b41dfc464d6dc4a5bfa30f364acda
io.github.vigoo	zio-aws-lakeformation_2.12	3.17.37.1		6fc7b3e82db69c9370e9a814c8b0cc708ce17c54
io.github.vigoo	zio-aws-lakeformation_2.12	3.17.38.1		7d08d35ad8bada5cfe231fa8aa5f5bd3a2567b1f
io.github.vigoo	zio-aws-lakeformation_2.12	3.17.39.1		5ac9b3c5a2b509617be40c23c9f20b8d83e99b03
io.github.vigoo	zio-aws-lakeformation_2.12	3.17.40.1		f376bc8272be2f5e234df5f75991a859a46366eb
io.github.vigoo	zio-aws-lakeformation_2.12	3.17.41.1		97df09f173ba78ee1a556610b05a86a24e97e61d
io.github.vigoo	zio-aws-lakeformation_2.12	3.17.41.2		1c670b303894e5db8d1b15a7651bba2178acfe59
io.github.vigoo	zio-aws-lakeformation_2.12	3.17.42.1		d4887799f8a7e31c30770d58f93e3b4e3dfbfa39
io.github.vigoo	zio-aws-lakeformation_2.12	3.17.42.2		ada7e555446a32fe40b13a3d87561f62ccebb7a9
io.github.vigoo	zio-aws-lakeformation_2.12	3.17.42.3		2548f6a8fd3545df08f4023edbd0067f5848fd2e
io.github.vigoo	zio-aws-lakeformation_2.12	3.17.42.4		15783ce00fdad206f89508996d865e0241a0f6f3
io.github.vigoo	zio-aws-lakeformation_2.12	3.17.42.5		5bb130fd801d2fba8ad2302506017fed960a93e0
io.github.vigoo	zio-aws-lakeformation_2.12	3.17.42.6		911c2a4409147948fa692f6838dd1f8f6be1bb4b
io.github.vigoo	zio-aws-lakeformation_2.12	3.17.42.7		5b13efbde1f799d5f1b3d9b2d87dcfdd6ec6d0fd
io.github.vigoo	zio-aws-lakeformation_2.12	3.17.42.8		df2d7ea91453b198c11fb55e17c7749585e53859
io.github.vigoo	zio-aws-lakeformation_2.12	3.17.42.9		84b0c5889c1cc8430957cc91859a2d73b9b925ad
io.github.vigoo	zio-aws-lakeformation_2.12	3.17.5.1		b6f31a79738b20bb9afe493ff7a558947e00585c
io.github.vigoo	zio-aws-lakeformation_2.12	3.17.56.1		53b06ccdfeb8b77666d4e8f906226202f145c771
io.github.vigoo	zio-aws-lakeformation_2.12	3.17.57.1		f99310cfccba95f770697b907ac4cc3dc0c8317e
io.github.vigoo	zio-aws-lakeformation_2.12	3.17.57.2		013fdad22fb14bf924fba8bf86da352a33b02d72
io.github.vigoo	zio-aws-lakeformation_2.12	3.17.58.1		c35f7f5c70aedd781fc6f24b55e4390d38570357
io.github.vigoo	zio-aws-lakeformation_2.12	3.17.59.1		78391fd94109839c1f172e6b69ae52db92ca9b9b
io.github.vigoo	zio-aws-lakeformation_2.12	3.17.61.1		31edfeb3867756f49cefdd0b6dadbf070130c0d2
io.github.vigoo	zio-aws-lakeformation_2.12	3.17.61.2		41ba0468f3606a1bfbadbe7421defebf65f21d29
io.github.vigoo	zio-aws-lakeformation_2.12	3.17.62.1		3a1fee934c29b3d170584328093ee26355fc9044
io.github.vigoo	zio-aws-lakeformation_2.12	3.17.63.1		79342da12a2561922678607d286c2d92906ed759
io.github.vigoo	zio-aws-lakeformation_2.12	3.17.63.2		a33251d0cfdf093ab04f80d29600d73e3d501d4c
io.github.vigoo	zio-aws-lakeformation_2.12	3.17.64.1		2564c3ebf20a88a3a4bab697e52f480a8da26860
io.github.vigoo	zio-aws-lakeformation_2.12	3.17.65.1		05bbd93ee4db20e953086a5a54b0acf918fdeaf8
io.github.vigoo	zio-aws-lakeformation_2.12	3.17.68.1		f65a859db55beb800cf31634852de798dcb4cdaf
io.github.vigoo	zio-aws-lakeformation_2.12	3.17.70.1		8a56b50e8dd74179727585ef0658f5bc7d0e3321
io.github.vigoo	zio-aws-lakeformation_2.12	3.17.71.1		ca7e1db2b6def6b4062fb64618aa69fb543f4d4e
io.github.vigoo	zio-aws-lakeformation_2.12	3.17.71.2		120385d5b4971a0509d84e650a5a063fc9647472
io.github.vigoo	zio-aws-lakeformation_2.12	3.17.71.3		1985c0cd3ed4a4f68db669be6f774ddfb059abdb
io.github.vigoo	zio-aws-lakeformation_2.12	3.17.74.1		cd77c96bfe8fdfc36b25742b00c6ca6739df2ee0
io.github.vigoo	zio-aws-lakeformation_2.12	3.17.75.1		76af0817d397b849af2c236d955b448ed1d141fc
io.github.vigoo	zio-aws-lakeformation_2.12	3.17.76.1		342b9c9989e0dc83bb483649f67cbd9caf8404ba
io.github.vigoo	zio-aws-lakeformation_2.12	3.17.77.1		44f00499233387eea9fa37772bbd2db9c0c8c49b
io.github.vigoo	zio-aws-lakeformation_2.12	3.17.78.1		42b0ab53f103190759fcd690ba147a2635e775c7
io.github.vigoo	zio-aws-lakeformation_2.12	3.17.79.1		541502461cc194f792d4942ee074ac6ccda9848b
io.github.vigoo	zio-aws-lakeformation_2.12	3.17.8.1		e3d6220ddb1bfc7bcdb60f63c9a357587dcf701c
io.github.vigoo	zio-aws-lakeformation_2.12	3.17.8.2		139e06afa3043d9a01549dd88ad1be0b9fb3689f
io.github.vigoo	zio-aws-lakeformation_2.12	3.17.8.3		af974d409830ac4d42ec65eada5c917f50f31183
io.github.vigoo	zio-aws-lakeformation_2.12	3.17.8.4		807b4bbe0741ab9992f031951262bb8c51af4e5c
io.github.vigoo	zio-aws-lakeformation_2.12	3.17.8.5		6fe0a21cf72800c85d8e6581cad99fc16455e899
io.github.vigoo	zio-aws-lakeformation_2.12	3.17.80.1		19ff41e1806918a4e6043dae51db024e9c8202af
io.github.vigoo	zio-aws-lakeformation_2.12	3.17.81.1		8a0567ba92e3fc644848202a38b8878f45d48fb8
io.github.vigoo	zio-aws-lakeformation_2.12	3.17.87.2		f67c3eb257f4dcaa40215904eba9d2da29c954df
io.github.vigoo	zio-aws-lakeformation_2.12	3.17.88.1		6459822ee6096aed121a0d4d0bd13cfca6c13a13
io.github.vigoo	zio-aws-lakeformation_2.12	3.17.9.1		b340d4db40008badc16bd0a48c79a88899ced4b4
io.github.vigoo	zio-aws-lakeformation_2.12	3.17.90.1		b2b2756804ea33f93e14c655a4cb0b87f7032190
io.github.vigoo	zio-aws-lakeformation_2.12	3.17.94.1		ab62f76f4e4d5880a1e24afe9b93a72dae7ca3b7
io.github.vigoo	zio-aws-lakeformation_2.12	3.17.94.2		8c500959110216e03f61fbc1809bf12cb9b19a7f
io.github.vigoo	zio-aws-lakeformation_2.12	3.17.97.1		96a98c9402571e0e5512464e74131e2882cd44a4
io.github.vigoo	zio-aws-lakeformation_2.12	3.17.98.1		acf9f7914d6729ab93597f989ecadf0a8d767e62
io.github.vigoo	zio-aws-lakeformation_2.12	3.17.99.1		0bc824c978b60c888831d9cf3f4623a3672e032e
io.github.vigoo	zio-aws-lakeformation_2.12	4.0.2		0123950a70da6ec69137825a09f59abcacac471d
io.github.vigoo	zio-aws-lakeformation_2.12	4.0.4		d49906cda4b9904fc4610f122537b63e42f8e4d6
io.github.vigoo	zio-aws-lakeformation_2.12	4.0.5		a5041ebf64a076940c1fed7c1834da52850c71be
io.github.vigoo	zio-aws-lakeformation_2.12	4.17.104.1		30643fa8925df1a942f3f2a1d1adcee703b8914f
io.github.vigoo	zio-aws-lakeformation_2.12	4.17.104.2		d75f69478022058dd0cfc257e5ace8d4d29d0366
io.github.vigoo	zio-aws-lakeformation_2.12	4.17.280.4		3a367b77f7a6a18de0e12ba1d5a543e2914eb3e8
io.github.william353.logger	logger-logcat	0.0.3		N/A
io.github.zj565061763.kmp	compose-layer-iosx64	1.0.0		N/A
io.github.zj565061763.kmp	compose-layer-iosx64	1.0.0	metadata	d8dd20370f7ad955cf3330a5918a011692ddb228
io.github.zj565061763.kmp	compose-layer-iosx64	1.0.1		N/A
io.github.zj565061763.kmp	compose-layer-iosx64	1.0.1	metadata	d8dd20370f7ad955cf3330a5918a011692ddb228
io.github.zj565061763.kmp	compose-layer-iosx64	1.0.2		N/A
io.github.zj565061763.kmp	compose-layer-iosx64	1.0.2	metadata	d8dd20370f7ad955cf3330a5918a011692ddb228
io.github.zj565061763.kmp	compose-layer-iosx64	1.0.3		N/A
io.github.zj565061763.kmp	compose-layer-iosx64	1.0.3	metadata	d8dd20370f7ad955cf3330a5918a011692ddb228
io.github.zj565061763.kmp	compose-layer-iosx64	1.1.0		N/A
io.github.zj565061763.kmp	compose-layer-iosx64	1.1.0	metadata	4c6be931e9aa41fb5a5630d9734d83ccf9d7bfd5
io.github.zj565061763.kmp	compose-layer-iosx64	1.1.1		N/A
io.github.zj565061763.kmp	compose-layer-iosx64	1.1.1	metadata	4c6be931e9aa41fb5a5630d9734d83ccf9d7bfd5
io.matthewnelson.kotlin-components	secure-random	0.1.0		20c8b4ebda31e682cae42565f0ab3ce37595beed
io.matthewnelson.kotlin-components	secure-random	0.1.0	all	725ccf44e7fe6cbae2334dc685ceb830ea7d0b1a
io.matthewnelson.kotlin-components	secure-random	0.1.1		1d8f9a40844d52ad7b6915798dbbf5b17de68b51
io.matthewnelson.kotlin-components	secure-random	0.1.1	all	0eec1c38c5aebeda89958cb33a8b72b87ab8cafe
io.matthewnelson.kotlin-components	secure-random	0.1.2		795ad782db22ef49c2c6e2a5373fc43e14a3b94d
io.matthewnelson.kotlin-components	secure-random	0.1.2	all	24ad20ca30a351df31811a7e873068435e556cd9
io.matthewnelson.kotlin-components	secure-random	0.1.3		cf14e4045d7d921d6e870c76c35e8e5d51cf2a06
io.matthewnelson.kotlin-components	secure-random	0.1.3	all	7eafe1527e2bb3ace58a1077262adb4c7e451eea
io.pravega	pravega-shared-health-bindings	0.10.0		d41b7647c8f07ef83e6bfa37970083f338f781e9
io.pravega	pravega-shared-health-bindings	0.10.1		4b9182c1d825fee3f95add17e1e69d7b959aeaf2
io.pravega	pravega-shared-health-bindings	0.10.2		5ad95642e1368a83cdc0002a41a09db4460737cc
io.pravega	pravega-shared-health-bindings	0.11.0		b2be0899dab82ab903497a0c00e8beb652125646
io.pravega	pravega-shared-health-bindings	0.12.0		b5bb3442a574b84efaf16e31881b99d7cfd11762
io.pravega	pravega-shared-health-bindings	0.13.0		d23adb3ab25225ad5994d2a46d9ddc4889832197
io.prestosql	presto-array	300		6092afa844a274bdb84e5bec89dd6a444c9c7b7c
io.prestosql	presto-array	301		1b43c54843732e9fc51f42db2d9b45d86f7a3ed1
io.prestosql	presto-array	302		205164d2155435b255b586a01117371c225ed980
io.prestosql	presto-array	303		e86444103a15d692d437f17f12327dfe8116b63a
io.prestosql	presto-array	304		898b598fe4384e4e9c359622b1dd4f5c2f813ff5
io.prestosql	presto-array	305		0b8e116d495c25ae26ac919c58c01a2a7ec16b14
io.prestosql	presto-array	306		a2e934ec5734fe7a3d69e22155dbe992ee0dec4e
io.prestosql	presto-array	307		3e6ec0b9de615c26afa0b6d0781ca93b0f53ce0c
io.prestosql	presto-array	308		56dac8ac4220dcbe8156699fdcd0e549b1d06ebe
io.prestosql	presto-array	309		8f0e225d12261fba40161a16f5bd9ac9e9af012b
io.prestosql	presto-array	310		597623b8b394bd456e0ccfaa5fcf2c329c871568
io.prestosql	presto-array	311		f80ea54278ec169854d77342b04965a1c51e06a9
io.prestosql	presto-array	312		f490e8001ad2c6c8756e7da564fd12485857ea3f
io.prestosql	presto-array	313		e448ab6e8968ab667875d51487904bb46efbaf2a
io.prestosql	presto-array	314		89b55148ab11817cf9728b93c46a57a2dcc8ec63
io.prestosql	presto-array	315		cee58f83fa521222ddecf71b61ad2688abf1aa5a
io.prestosql	presto-array	316		f406151c92b1e49cffc1b49940467f235b7117b5
io.prestosql	presto-array	317		c0cf48b94291110de0230e43b95ae2a1ec9f1dfb
io.prestosql	presto-array	318		4f5954eea989132632788fa609b1e10fe9b38bc3
io.prestosql	presto-array	319		479f632a7832814d2a50a4bc9e466a70724a133b
io.prestosql	presto-array	320		8d5135caf45822488c66ce26cc850032a9d4623f
io.prestosql	presto-array	321		ee0948f38ffd60acf388e60ef78895be482c6b6e
io.prestosql	presto-array	322		28040afe61f4342b658805555adbe71f1f162eab
io.prestosql	presto-array	323		0cf48ee5520dd3ae52eb7f0aefcbe57268d50545
io.prestosql	presto-array	324		9c57c1cc2ad6cb4bd5609210a8198a645b699163
io.prestosql	presto-array	325		068449b9d977626bc6063fc2634bfac58fc911d8
io.prestosql	presto-array	326		225fc7273dfa0ab0520b19167d0127645e110159
io.prestosql	presto-array	327		324a9669780582fd6a0ee397919a0d10d5f986c2
io.prestosql	presto-array	328		fb81828a3e08e026929017e2698e4971ded90df1
io.prestosql	presto-array	329		8fd65303946365f9b7353c55613c8df07d8f1daf
io.prestosql	presto-array	330		9bf40447f436a051a2c966b2e4e8bc04dd96771e
io.prestosql	presto-array	331		dd855cd99c22c8c3d7d9742f83e3fb63d29b710b
io.prestosql	presto-array	332		8d80a56b7efb270f4f08086f10a03278074386e3
io.prestosql	presto-array	333		54240b3ce3133ac60f38c7216bbed59ff370aad2
io.prestosql	presto-array	334		269fa68fa66b743a61c2a414eaa74ed03e5bd614
io.prestosql	presto-array	335		c009ee5c274c31af48441e982d0dc35e89cf06f2
io.prestosql	presto-array	336		5f850238fbb5de9adc421cd253084a4c745d227b
io.prestosql	presto-array	337		6329ad244681f767282f3ea7a0570b948c48adf5
io.prestosql	presto-array	338		73bef103e9db1dea2ee3082dcc503088f74e770e
io.prestosql	presto-array	339		86d8f85336e800e6da7f33b81677f7fa81b4149b
io.prestosql	presto-array	340		418b8a83e937d2a1d5a0ed8f11b904269b1a492a
io.prestosql	presto-array	341		550f1d922f574d5da111a9cc006b26ccacbd4295
io.prestosql	presto-array	342		aae5077d26a298cd39db82df91ac17822ebd6f01
io.prestosql	presto-array	343		0fc312a977e1e13d8629ae69544b348f54a1b158
io.prestosql	presto-array	344		3557258fe2a34f39fc7c2b40eed8cf23c11e5805
io.prestosql	presto-array	345		94e375964dadc90b038cc183383a8be6cbd4b3df
io.prestosql	presto-array	346		8c0c18c655253fbb630e66bc89e5fe77babbb358
io.prestosql	presto-array	347		a47ac64b687392ddf3b173947e652b2fdf06fcec
io.prestosql	presto-array	348		8bed3b1eb87e3edeeea6092a4df796269730b338
io.prestosql	presto-array	349		ef505b84256316d64eb885f756aa566630c14533
io.prestosql	presto-array	350		bcd897d1ff45f61e599e8d5fd0978b07c05c85c6
io.quarkiverse.temporal	quarkus-temporal-extension-parent	0.0.10		N/A
io.quarkiverse.temporal	quarkus-temporal-extension-parent	0.0.11		N/A
io.quarkiverse.temporal	quarkus-temporal-extension-parent	0.0.12		N/A
io.quarkiverse.temporal	quarkus-temporal-extension-parent	0.0.13		N/A
io.quarkiverse.temporal	quarkus-temporal-extension-parent	0.0.14		N/A
io.quarkiverse.temporal	quarkus-temporal-extension-parent	0.0.15		N/A
io.quarkiverse.temporal	quarkus-temporal-extension-parent	0.0.16		N/A
io.quarkiverse.temporal	quarkus-temporal-extension-parent	0.0.17		N/A
io.quarkiverse.temporal	quarkus-temporal-extension-parent	0.0.2		N/A
io.quarkiverse.temporal	quarkus-temporal-extension-parent	0.0.3		N/A
io.quarkiverse.temporal	quarkus-temporal-extension-parent	0.0.4		N/A
io.quarkiverse.temporal	quarkus-temporal-extension-parent	0.0.5		N/A
io.quarkiverse.temporal	quarkus-temporal-extension-parent	0.0.6		N/A
io.quarkiverse.temporal	quarkus-temporal-extension-parent	0.0.7		N/A
io.quarkiverse.temporal	quarkus-temporal-extension-parent	0.0.8		N/A
io.quarkiverse.temporal	quarkus-temporal-extension-parent	0.0.9		N/A
io.quarkiverse.temporal	quarkus-temporal-extension-parent	0.1.0		N/A
io.quarkiverse.temporal	quarkus-temporal-extension-parent	0.1.1		N/A
io.quarkus	quarkus-cyclonedx-deployment	3.14.3		50be516c2b546c7819bb2e4152afdcbd588b4652
io.quarkus	quarkus-cyclonedx-deployment	3.14.4		04b3800be7998c5d6d9b83b91fcd590af1b96ded
io.quarkus	quarkus-cyclonedx-deployment	3.15.0		f07ec9f9a946d9a2516a7488c19ba4c1103b48e1
io.quarkus	quarkus-cyclonedx-deployment	3.15.0.CR1		9b693f7ccdbddc0952ad81053c8c005750e773a6
io.quarkus	quarkus-cyclonedx-deployment	3.15.1		a6a35ca7c8b5c625ca1eb98efb3efd7661925d49
io.quarkus	quarkus-cyclonedx-deployment	3.15.2		caa69f19378f4b76de1240f65cbff8504cf310ff
io.quarkus	quarkus-cyclonedx-deployment	3.15.3		779ff4695ae9371ccd6cb8ae483475fcfd91fc83
io.quarkus	quarkus-cyclonedx-deployment	3.15.3.1		6aac628df993a6eae398c6595da0cb1814e377e5
io.quarkus	quarkus-cyclonedx-deployment	3.15.4		fe0d4fb75c736b01a7fb8c81b2e07bd2f1a1c181
io.quarkus	quarkus-cyclonedx-deployment	3.15.5		be13c851951223c2e5f906b92b87606cf4a40128
io.quarkus	quarkus-cyclonedx-deployment	3.16.0		3f5c55c2828866e7f12bd18acde8f2619f16a32a
io.quarkus	quarkus-cyclonedx-deployment	3.16.0.CR1		f41292503c2afa67f65717c72d251588d46bd060
io.quarkus	quarkus-cyclonedx-deployment	3.16.1		701ae4ca9052fca8ebe34e3e048abdb422d7ecc2
io.quarkus	quarkus-cyclonedx-deployment	3.16.2		fa5bfdd7fa2cceafb58a4c7b7ab0ecafbbbe6f0f
io.quarkus	quarkus-cyclonedx-deployment	3.16.3		70112016b86019a49480b4b010d46bb396e3ae2d
io.quarkus	quarkus-cyclonedx-deployment	3.16.4		8c45ce52ebcbae12b42f899d2d75ae0f9a1a8aaf
io.quarkus	quarkus-cyclonedx-deployment	3.17.0		f5852b569721db7aefb871d512ac918a41952f8a
io.quarkus	quarkus-cyclonedx-deployment	3.17.0.CR1		6416b52d9c915b24ced5ae19cf052e8b77a2cda1
io.quarkus	quarkus-cyclonedx-deployment	3.17.1		fe58371979c8425bf8ef56ec230e7ac644e51ae1
io.quarkus	quarkus-cyclonedx-deployment	3.17.2		e870695857dc345cc03c00d3011b3115bb8e0a7b
io.quarkus	quarkus-cyclonedx-deployment	3.17.3		cee7fa385e6f3a12d24cb271c86cd9437c90a61d
io.quarkus	quarkus-cyclonedx-deployment	3.17.4		982e16c2e3099128b24cef302ece942f9d5ab8c7
io.quarkus	quarkus-cyclonedx-deployment	3.17.5		e7dc94967c5a19ae7a2bbd2b8dab0e5bb5c472e1
io.quarkus	quarkus-cyclonedx-deployment	3.17.6		dba69f899ed96a2e8b077f2d7cfc8d890d207cca
io.quarkus	quarkus-cyclonedx-deployment	3.17.7		145ccac8e1e722d909194d0e1e2cc9fdc13e0f57
io.quarkus	quarkus-cyclonedx-deployment	3.17.8		313ca02756479945f6a0c69e15bce33ade8e0ad4
io.quarkus	quarkus-cyclonedx-deployment	3.18.0		f69b243d6219a1de4935f2b908759a9b3a44956d
io.quarkus	quarkus-cyclonedx-deployment	3.18.0.CR1		69747278f34f5dfe5221ac5f24bd048d32eda453
io.quarkus	quarkus-cyclonedx-deployment	3.18.1		67814503718482a8c701dd811081c3480def3710
io.quarkus	quarkus-cyclonedx-deployment	3.18.2		1693825dc1f404f396322f48663eb1261cca3942
io.quarkus	quarkus-cyclonedx-deployment	3.18.3		ebe438fb372fca034e490bc4ce79f530669ca6e7
io.quarkus	quarkus-cyclonedx-deployment	3.18.4		9c1826e15cbb0115192f183cc0ae498d3acf98d0
io.quarkus	quarkus-cyclonedx-deployment	3.19.0		27331c83bad1bcc8f1f6bb83401042a8f125d748
io.quarkus	quarkus-cyclonedx-deployment	3.19.0.CR1		b8b5bb8339c4d0890c7b2dd2d323e70920cd6429
io.quarkus	quarkus-cyclonedx-deployment	3.19.1		6e4306d039648e4fc86e8645625970517a0de8fc
io.quarkus	quarkus-cyclonedx-deployment	3.19.2		1c5780e44472f402a0c39f41e44a2ccee7c24d7a
io.quarkus	quarkus-cyclonedx-deployment	3.19.3		bda774b3fad4a5836c7feb145e34ee02b7443b7e
io.quarkus	quarkus-cyclonedx-deployment	3.19.4		0655b6ed15f60b8dfd828a859ecb5091292cf6d2
io.quarkus	quarkus-cyclonedx-deployment	3.20.0		8c029f8cfda8ee57540c72f8772fd6cd126e9333
io.quarkus	quarkus-cyclonedx-deployment	3.20.0.CR1		0eaa07effce746e5e432acc43ddee3f770881888
io.quarkus	quarkus-cyclonedx-deployment	3.20.1		4d76a3fca670db42b1aa7f2a17d2041a656326bf
io.quarkus	quarkus-cyclonedx-deployment	3.21.0		f03c279a1f01ca508138aa78fd37ef7399f2f663
io.quarkus	quarkus-cyclonedx-deployment	3.21.0.CR1		efa1b13d834a98db9299f2139cbe8d233c457ac8
io.quarkus	quarkus-cyclonedx-deployment	3.21.1		306770a17ca459f419c2d0618a92e4dd5b5a48b5
io.quarkus	quarkus-cyclonedx-deployment	3.21.2		dadbd7f1a25eb5ad6a2d7048d22fbcd7c5b65333
io.quarkus	quarkus-cyclonedx-deployment	3.21.3		be5408cf886b4b7f278302384bf4c8220ae72323
io.quarkus	quarkus-cyclonedx-deployment	3.21.4		0d4c475ed6561f2dd109fb76868021464c07ffdc
io.quarkus	quarkus-cyclonedx-deployment	3.22.0		2983b766488b96069763e8d8ac3875a367d18480
io.quarkus	quarkus-cyclonedx-deployment	3.22.0.CR1		fe469014d07d44353edee816e9e0feae95d1e291
io.quarkus	quarkus-cyclonedx-deployment	3.22.1		70c224e299901e3c89bea4f0459dd1d747568893
io.quarkus	quarkus-cyclonedx-deployment	3.22.2		e8ec3b800d6e96afd1d803a25bf64092f70f6778
io.quarkus	quarkus-cyclonedx-deployment	3.22.3		5f3e3f340800a73925bde0f729cb68e1c76712f7
io.quarkus	quarkus-cyclonedx-deployment	3.23.0.CR1		fc136e18691be950b16470d1e50d930587cb09a6
io.sourceforge.gitee.components	squareup-okhttp3	1.1.1		72cd6cc167ad9bc5292c73d215a92172668809d6
io.suzaku	diode_sjs1_2.12	1.1.10		b87bd296ddebb73c531fbb771ec059527e649456
io.suzaku	diode_sjs1_2.12	1.1.11		aa6ca9818b591fc6f98b886b40c1e6eb49c75ca7
io.suzaku	diode_sjs1_2.12	1.1.12		3370dfb026e3120ad0ba8d4c70dbbba29a503c48
io.suzaku	diode_sjs1_2.12	1.1.13		b2f0ae3db7fd80e397b86a6a73a4db264280786d
io.suzaku	diode_sjs1_2.12	1.1.14		00cea3afafb66961de0f13bbdf74f487a5143eb4
io.suzaku	diode_sjs1_2.12	1.1.8		6c1d6a8eda6d309159c992a97ec9ccea878f8374
io.suzaku	diode_sjs1_2.12	1.1.9		46f559c7bc21cf4e30dd43d875a45000fc965ce8
io.synadia	request-many	0.0.1		e254f004e14ecc0833c11edca6c1982fccbd258c
io.synadia	request-many	0.0.1	examples	f1c9883fe0b661579fe94b99b96d86ff79f7229c
net.flexmojos.oss	flexmojos-unittest-funit	5.0-beta		N/A
net.flexmojos.oss	flexmojos-unittest-funit	6.0.0		N/A
net.flexmojos.oss	flexmojos-unittest-funit	6.0.1		N/A
net.flexmojos.oss	flexmojos-unittest-funit	7.0.0		N/A
net.flexmojos.oss	flexmojos-unittest-funit	7.0.1		N/A
net.flexmojos.oss	flexmojos-unittest-funit	7.1.0		N/A
net.flexmojos.oss	flexmojos-unittest-funit	7.1.1		N/A
net.kingmc.common	structure	0.0.7		de74fef638b71a1b858cbe3734fbbf2a0e833396
net.orbyfied.coldlib	coldlib-common-util	1.0.4		7ece124b618c224ad5c4fdb8beaaf94741fc21a8
net.orbyfied.coldlib	coldlib-common-util	1.0.4	all	f1a32e0d3b946385995c66e6eedaacb3871b553c
net.orbyfied.coldlib	coldlib-common-util	1.0.5		b9076fdcdf43f5b509df9f5e8026ac11f6e583a9
net.orbyfied.coldlib	coldlib-common-util	1.0.5	all	410802264f0f7ac25dbc5ddc1d734eb4d79433a5
net.sunshow.toolkit	core-qbean-processor	1.3.4		8f7cc7f64ba2448a7c6fd62657b682f17de27360
net.sunshow.toolkit	core-qbean-processor	2.1.1		d6f0cbf2001668ecf5501c836f127b0eaace0221
net.sunshow.toolkit	core-qbean-processor	2.1.5		c490afcb34be199ce340ca6cf109bac54ef53310
net.sunshow.toolkit	core-qbean-processor	2.1.6		f04d448fa6112f069ce5fadca4650f158350acd0
net.sunshow.toolkit	core-qbean-processor	2.1.7		85ba6608738e16367569ad6ff56d634ab6d62d96
net.sunshow.toolkit	core-qbean-processor	2.5.0		06fcd948d5793af1ed7c1b10c11cd68c587622b2
net.sunshow.toolkit	core-qbean-processor	2.5.4		b8f01e35a30b65de478f35f09ac57f48ed12266b
net.team2xh	scurses_2.12	1.0.1		777ee3e68de095a6ce84f1b37ee115a528a2222a
net.zscript.maven-templates	mustache-templating-maven-plugin-test-resources	0.0.1		7e7c23922f6addc4ffd9814b1ad9a047c55693c6
net.zscript.maven-templates	mustache-templating-maven-plugin-test-resources	1.0.0		7dedebbcf5a6dfb33397b12385f3c9220a7aa2c5
org.alluxio	alluxio-core-transport	2.0.0		ed004d94827ca40d8f20a4823fd03dc49625ffe0
org.alluxio	alluxio-core-transport	2.0.0-preview		dfe2a179e244bbc6878aa7bee9a69767d3d25c45
org.alluxio	alluxio-core-transport	2.0.1		d8f6bea1dbd47c0cafc26745c15cca4007d0f19d
org.alluxio	alluxio-core-transport	2.1.0		ee323ab46ec9612bec924941dc59ce0d5da0a959
org.alluxio	alluxio-core-transport	2.1.1		8a7a625e8f4a3f36f5614b708cb9c6933366dc5d
org.alluxio	alluxio-core-transport	2.1.2		8bfd0d6be86fcbfc733201e0bfcac4d6c9c326eb
org.alluxio	alluxio-core-transport	2.2.0		116c43972fec342d31d87d8bfafabc52a3e8cbfc
org.alluxio	alluxio-core-transport	2.2.1		0b41a1fb3593303569e84f15b6a39416bea0ee89
org.alluxio	alluxio-core-transport	2.2.2		4f00ee849955abe1c2561fd47e706b927cf2621b
org.alluxio	alluxio-core-transport	2.2.2-1		ed58ca2d3b6ffaea156ca0225e7a4e3ea09fc61c
org.alluxio	alluxio-core-transport	2.2.2-2		781c866d8411f5ebfc01050fd254a28a8995bd5b
org.alluxio	alluxio-core-transport	2.3.0		759be3cd23e8c4722cc814b425ec094610a7ef55
org.alluxio	alluxio-core-transport	2.3.0-1		c0df949e854506819dc983df0a1a6b33a198335d
org.alluxio	alluxio-core-transport	2.3.0-2		76275113a2d9456e7c94fcc7c5d0f7320db5df67
org.alluxio	alluxio-core-transport	2.4.0		d0a14480b1387bde1863577ffacef536111b5180
org.alluxio	alluxio-core-transport	2.4.1		1ca3b1e52abf02e3b98160f1f142d254bc19c365
org.alluxio	alluxio-core-transport	2.4.1-1		60c1e317735f635182c875a57939ee239015bdcb
org.alluxio	alluxio-core-transport	2.4.1-2		9da502f1d8da1f58338eacd551d2ae631412a276
org.alluxio	alluxio-core-transport	2.4.1-3		71eb2122a62e6652532da4779af88efbcd6af659
org.alluxio	alluxio-core-transport	2.5.0		fa44351237b20f0a617a6e59a9a510afdb690c9b
org.alluxio	alluxio-core-transport	2.5.0-1		263cc96de277a257ae783a69630aa300b1d28c60
org.alluxio	alluxio-core-transport	2.5.0-2		d1500443c56a862833b814498bfcc8ce25fe5cc9
org.alluxio	alluxio-core-transport	2.5.0-3		e479226315380074d2adac2bcd984ffdeebfa06c
org.alluxio	alluxio-core-transport	2.6.0		e239822fd0d841898e1d032e6727cc5dac986c7d
org.alluxio	alluxio-core-transport	2.6.1		6d404d1c69802410dcb70e3995f158091ce74e87
org.alluxio	alluxio-core-transport	2.6.2		e811e85490db1b2dcd3a3a2054e6357dd93780a7
org.alluxio	alluxio-core-transport	2.6.2-1		7f2e5d5a6556b91df89d828444fee887cb2be91b
org.alluxio	alluxio-core-transport	2.6.2-2		f0ebf329c5304c6566e37319cf855368608ca0ea
org.alluxio	alluxio-core-transport	2.6.2-3		9f72d1830345d44743a60a17d1e57251572694c0
org.alluxio	alluxio-core-transport	2.6.2-4		69b46417f9d300f16f0162968179a51e27b9806f
org.alluxio	alluxio-core-transport	2.7.0		32efcbef888173442714ddec8a8e92c5f78268fd
org.alluxio	alluxio-core-transport	2.7.1		76a0baf324937c1a2c0ef77c615f5fc08c9625ee
org.alluxio	alluxio-core-transport	2.7.2		6ff06d009ac675c7950e6410356d41ef958af7ce
org.alluxio	alluxio-core-transport	2.7.3		2130536f1c53f3d4d784e46ac500edaa2b24f0ee
org.alluxio	alluxio-core-transport	2.7.4		76658cb54df7a6ea81154762df991c1704d82be0
org.alluxio	alluxio-core-transport	2.8.0		745cee2a0cbe59c1f7b9940069dc9857c82ea760
org.alluxio	alluxio-core-transport	2.8.0-1		929d5941d40bde28dce407cf1004a2c53f9f3aeb
org.alluxio	alluxio-core-transport	2.8.0-2		6256f771f0c40738f33c3bff0f30cc980a4b0d48
org.alluxio	alluxio-core-transport	2.8.1		10b8402a40ce383508248297fd81a13dc5ff0486
org.alluxio	alluxio-core-transport	2.8.2		610536396be0ab61241f61ae4a2766e5677a2a4b
org.alluxio	alluxio-core-transport	2.9.0		d8c554d285b76531f12f26cc771ed4335cc726a4
org.alluxio	alluxio-core-transport	2.9.0-1		671d9c2451e397439ab3d5b341654a5e82bd13b7
org.alluxio	alluxio-core-transport	2.9.0-2		189c8422826c53ea2f3a96986370671a39547ca8
org.alluxio	alluxio-core-transport	2.9.1		4149ef2acdf0f13bafececd2bfdd74a495a7e222
org.alluxio	alluxio-core-transport	2.9.2		577942c175e0374e5426607da562d1b4bfab65d6
org.alluxio	alluxio-core-transport	2.9.3		e7d976a6061cd19cd9391bdaf1d8ca5d297a3124
org.alluxio	alluxio-core-transport	2.9.4		97309cc30beb19925632441a323e7a3cd802f2b7
org.alluxio	alluxio-core-transport	2.9.5		81a354252c88296917c6cc830534c06d0a286a89
org.alluxio	alluxio-core-transport	2.9.6		cf97107754c52f9ec6e3adab9def19b895a0c40a
org.alluxio	alluxio-core-transport	291-alpha		f3d59094c1cd40922af14b1ea93658f812e77ac2
org.alluxio	alluxio-core-transport	291-beta		55c496c0f79ae179e13bea927cb12adc8193d6ed
org.alluxio	alluxio-core-transport	291-gamma		43ddeece3fd41c2a45ea3918359e0baf29f832b6
org.alluxio	alluxio-core-transport	294		20b89d06693f128672c2e4c3c13d58bbeedbbed8
org.alluxio	alluxio-core-transport	295		e7bc201f570f6622cd1523e60dee8df988630b02
org.alluxio	alluxio-core-transport	300		3305c1a8e027885a8300017b538825e5ed64f0ab
org.alluxio	alluxio-core-transport	301		d0c0441910f6aa1b12ae0c400bceffb8859e74c8
org.alluxio	alluxio-core-transport	302		6e36df68a88a43a113e3fd15e2e25632297a770c
org.alluxio	alluxio-core-transport	303		7d1a6141c751b85a165460ba48bc22cb25fbe13b
org.alluxio	alluxio-core-transport	304		5b1d998549983177fcbe02b038a8f0767095a54f
org.alluxio	alluxio-core-transport	305		fa79d1740ca10b0e9dc6e113394330e5e0eda390
org.alluxio	alluxio-core-transport	306		c11372c4c97fe971c204b0efe9dcb0f1adf5612c
org.alluxio	alluxio-core-transport	307		8748b048aef12ca00d6151ebd98972f97940039f
org.alluxio	alluxio-core-transport	308		009bf6867dd22bbc9c3ca3bc83691a3e8e60e1e2
org.alluxio	alluxio-core-transport	309		14002b91beb61b67be4e7c8775b033fb12f9acda
org.alluxio	alluxio-core-transport	310		d9c9bc073067e939550147960dd107d2a9e514a3
org.alluxio	alluxio-core-transport	311		5199e0e655654210943fa4b1b73bfc82a6952184
org.alluxio	alluxio-core-transport	312		4759c1d3fe07eb6dfcaeb55b2c89c7ca83e856c1
org.alluxio	alluxio-core-transport	313		e484ac7404d82bb745e4948913466ef047562aef
org.antublue	map-accessor	0.0.1		7efb207f5a6d42012b75eebb4aff9bed49e1c1ee
org.antublue	map-accessor	0.0.2		740d7c68f6329b033e812767db6550bb3e9c9bc3
org.antublue	map-accessor	0.0.3		b3166cc76121cb3272be751cb520ceff91081ac2
org.apache.nifi	nifi-hadoop-record-utils	1.10.0		36dcc4e198a5c7394cc84932e219b351feffdfb0
org.apache.nifi	nifi-hadoop-record-utils	1.11.0		0d26ba531482860f28b54599af6b4ec1f5d5c2ad
org.apache.nifi	nifi-hadoop-record-utils	1.11.1		3cee9bc74f3c834db882c099f8333eaa89b3acf0
org.apache.nifi	nifi-hadoop-record-utils	1.11.2		2c780621484d049f48c5e1d78d6d68a0c9b63d49
org.apache.nifi	nifi-hadoop-record-utils	1.11.3		38e66aae1bbe03cd0c6216b98705a23cbf09ccaa
org.apache.nifi	nifi-hadoop-record-utils	1.11.4		96d78e60293144d7e46651d2973c2800bbde07c7
org.apache.nifi	nifi-hadoop-record-utils	1.12.0		674da13a04f5310345ebfcff7bd4bb20c93d0e2d
org.apache.nifi	nifi-hadoop-record-utils	1.12.1		447f996f40c70ecafc5ae2956449d9b1aaf83030
org.apache.nifi	nifi-hadoop-record-utils	1.13.0		1e06e5424743d126351fa43d2c21e77f4c392d5c
org.apache.nifi	nifi-hadoop-record-utils	1.13.1		e626019c84067ac79c24bb6e4efeb590e1f7c00c
org.apache.nifi	nifi-hadoop-record-utils	1.13.2		cd4a39f88955c881c18c31b7d1c4c4bed85e69a6
org.apache.nifi	nifi-hadoop-record-utils	1.14.0		b46ac3de91d134fd57ccdc97807f83199c5bb5d1
org.apache.nifi	nifi-hadoop-record-utils	1.15.0		f17dd5fd4e40fe29cdadcb72504ec7c12a09f89a
org.apache.nifi	nifi-hadoop-record-utils	1.15.1		0476b37f129546c14a77a8c3542fb2d00403539c
org.apache.nifi	nifi-hadoop-record-utils	1.15.2		52414f77c4dd696b1d74d52f3ef6cb8dac6c79d7
org.apache.nifi	nifi-hadoop-record-utils	1.15.3		5f3bc8169742c9acc2a5bf3c224801bf5d3ee8cc
org.apache.nifi	nifi-hadoop-record-utils	1.16.0		e41e6e465211b86446529feddbe4c8e588af828f
org.apache.nifi	nifi-hadoop-record-utils	1.16.1		614bcb2fefde795a1895c8fcd52f59bc97059fd0
org.apache.nifi	nifi-hadoop-record-utils	1.16.2		d49162ae7af322efb1bd0222835fd0068dfde3e5
org.apache.nifi	nifi-hadoop-record-utils	1.16.3		8b0ea849fb80da1684ebcb3f15b049228e9f2949
org.apache.nifi	nifi-hadoop-record-utils	1.17.0		02f4d581b3a0dd7f4dfeb8b0fe48a377070f3cf5
org.apache.nifi	nifi-hadoop-record-utils	1.18.0		ce1fd91fdd1392f33ec0006c5d32c098bda472d8
org.apache.nifi	nifi-hadoop-record-utils	1.19.0		45e6483647a910ae3143de501b812b8cbd5b077c
org.apache.nifi	nifi-hadoop-record-utils	1.19.1		7dbec52413175bf7c0fad89e91ff9949ae883746
org.apache.nifi	nifi-hadoop-record-utils	1.2.0		44cc766e8d61ab60e9ba6119b790fb7c605d1693
org.apache.nifi	nifi-hadoop-record-utils	1.20.0		a38a5eaa6fc8d46f8584346fb4ca394b6818e437
org.apache.nifi	nifi-hadoop-record-utils	1.21.0		c45616d1e5be0e1c8f5b95a8c6dc7a8a396f3def
org.apache.nifi	nifi-hadoop-record-utils	1.22.0		067cfb66df2e22754df737ee9d79bc59dd0bf7ab
org.apache.nifi	nifi-hadoop-record-utils	1.23.0		c276db508a2fc10034c56cc4168c55d04fb77126
org.apache.nifi	nifi-hadoop-record-utils	1.23.1		33e51880aa6a219b9b7139be34c36f46267c4eba
org.apache.nifi	nifi-hadoop-record-utils	1.23.2		89cee586bc72936f0794a60738449133d813fc29
org.apache.nifi	nifi-hadoop-record-utils	1.24.0		ed3c7a1ed6ff28e5c1ba343bf032dc7b19755411
org.apache.nifi	nifi-hadoop-record-utils	1.25.0		6f6c7ddc6e77e3e24f891a330add43f243cf58f6
org.apache.nifi	nifi-hadoop-record-utils	1.26.0		4c3d73a2158bd4c0dc879247227e5257d1ddb682
org.apache.nifi	nifi-hadoop-record-utils	1.27.0		3d6d6ade916388c48e4f2fde4a75ccc10b0a3275
org.apache.nifi	nifi-hadoop-record-utils	1.28.0		3afc21be8497f8cd1c2ef37eba8f77839ab5dc56
org.apache.nifi	nifi-hadoop-record-utils	1.28.1		35eeefc4c531e92ec97396b13d4b75ef2d88f6fc
org.apache.nifi	nifi-hadoop-record-utils	1.3.0		3e994045c7b5133840d1a27630cab1d0cbbcc1f2
org.apache.nifi	nifi-hadoop-record-utils	1.4.0		041c2d6558c2222b29414a49bfde7f916024aa2b
org.apache.nifi	nifi-hadoop-record-utils	1.5.0		66ea8e9df3340f15e990932b14ab62d4c458af79
org.apache.nifi	nifi-hadoop-record-utils	1.6.0		8653122596a708cc7f8fc46646bddfd847385e97
org.apache.nifi	nifi-hadoop-record-utils	1.7.0		192700c6ae728d7b04849db24c63c8bbb3261796
org.apache.nifi	nifi-hadoop-record-utils	1.7.1		1c2cadd2cb2e4fb64bf1eccd4773d98cd002d8ba
org.apache.nifi	nifi-hadoop-record-utils	1.8.0		a9dd4a1b067a913d7996a93a7de1585abeaac1df
org.apache.nifi	nifi-hadoop-record-utils	1.9.0		085ea664dde0dee8e2158628f9a18054dfc011b1
org.apache.nifi	nifi-hadoop-record-utils	1.9.1		f2e7415d5a0bfd6eab871e3898b8aac22664f4c8
org.apache.nifi	nifi-hadoop-record-utils	1.9.2		1bc31c6631e47409314158272231b7abf06a53fa
org.apache.nifi	nifi-hadoop-record-utils	2.0.0		fdca29b09294a979c2cffbadaa464b1eebc95f77
org.apache.nifi	nifi-hadoop-record-utils	2.0.0-M1		ede76437be6d531c0699b8f0030437ab2870ab0c
org.apache.nifi	nifi-hadoop-record-utils	2.0.0-M2		113e5ba0115cc0243192eb1f154295ddd07a0849
org.apache.nifi	nifi-hadoop-record-utils	2.0.0-M3		e395acd0774c3a2681114de5d1859efc310a2209
org.apache.nifi	nifi-hadoop-record-utils	2.0.0-M4		c86588666624c6ccef01d2183344774fe50fed7e
org.apache.nifi	nifi-hadoop-record-utils	2.1.0		d5d604bb5802980cf8b0a337666d9fb15b10c457
org.apache.nifi	nifi-hadoop-record-utils	2.2.0		6a472f3e5ca140c06aad28bb04d8e72c09a1662c
org.apache.nifi	nifi-hadoop-record-utils	2.3.0		ab55126377cef28138bc79ba4b7fb4718b00ee17
org.apache.nifi	nifi-hadoop-record-utils	2.4.0		731dcc415a65f09e2137522fd9706ac12653f688
org.apache.nifi	nifi-kafka-code-coverage	2.0.0		N/A
org.apache.nifi	nifi-kafka-code-coverage	2.0.0-M4		db4a5a754fd5a0b52f0b9a0ff254a9740fbce62d
org.apache.nifi	nifi-kafka-code-coverage	2.1.0		39354972c32adb90a3c2c563e3c5493473396f20
org.apache.nifi	nifi-kafka-code-coverage	2.2.0		32bea413295d4e7faf5173662a6ea5d8ede26479
org.apache.nifi	nifi-kafka-code-coverage	2.3.0		0bbb39d60ffdcf101d79fcc464ac99dfc73d1db5
org.apache.nifi	nifi-kafka-code-coverage	2.4.0		2948f4a67e825127d45b1ebda18edc77ba4e1b1c
org.apereo.cas	cas-server-support-couchdb-ticket-registry	5.3.0		9fe0d992db0fc3c82220ead63acf2ef2f1ce8baf
org.apereo.cas	cas-server-support-couchdb-ticket-registry	5.3.0	resources	b1e2135ca7bf08893d8fde834ee80fabc958d6e5
org.apereo.cas	cas-server-support-couchdb-ticket-registry	5.3.0-RC4		1a224c7629b0555b41fd753321fed830c95af114
org.apereo.cas	cas-server-support-couchdb-ticket-registry	5.3.0-RC4	resources	a06b9e082fd4934e82592c7405ed3250e5ce8296
org.apereo.cas	cas-server-support-couchdb-ticket-registry	5.3.1		ddab4a8da81e3595dd6f9d6f73f9f9ba14964a3e
org.apereo.cas	cas-server-support-couchdb-ticket-registry	5.3.1	resources	2c1862f4add10334a06277adfb75c71c5c1370d9
org.apereo.cas	cas-server-support-couchdb-ticket-registry	5.3.10		28e3c40f8bf6688cb3993a3bfd2a17ccffc2909d
org.apereo.cas	cas-server-support-couchdb-ticket-registry	5.3.10	resources	756acfb2c71a07e70ea5e12beb8605b20a417961
org.apereo.cas	cas-server-support-couchdb-ticket-registry	5.3.11		4dfe94212bff7bc0fc45d2e9bb6f14d78c6a762a
org.apereo.cas	cas-server-support-couchdb-ticket-registry	5.3.11	resources	58b65396da17a0c3f9e2d45c0f73920b048a662d
org.apereo.cas	cas-server-support-couchdb-ticket-registry	5.3.12		198382c33d2c7a42ca4a03bcb58457d5e5c2e8ff
org.apereo.cas	cas-server-support-couchdb-ticket-registry	5.3.12	resources	2fe68f69f6cef03588ab98b1cc0dd5579478b297
org.apereo.cas	cas-server-support-couchdb-ticket-registry	5.3.12.1		69517688b494330be73c4fb175d9191b6a33ec02
org.apereo.cas	cas-server-support-couchdb-ticket-registry	5.3.12.1	resources	64da447bd4175b8d796d53ce9a0765d217289d4f
org.apereo.cas	cas-server-support-couchdb-ticket-registry	5.3.13		a63ace2322f6d0e43099d171319df235357ba055
org.apereo.cas	cas-server-support-couchdb-ticket-registry	5.3.13	resources	7d6195b498f53d5d778b29de778c1058024081b0
org.apereo.cas	cas-server-support-couchdb-ticket-registry	5.3.14		42bea10e9a157c3679c1aafd107eb0504ec70bb1
org.apereo.cas	cas-server-support-couchdb-ticket-registry	5.3.14	resources	987f51ccb99026744f700a14f279c003cf095235
org.apereo.cas	cas-server-support-couchdb-ticket-registry	5.3.15		740ae25d53050bcdc3c5d9212151ef935110ae82
org.apereo.cas	cas-server-support-couchdb-ticket-registry	5.3.15	resources	093886f2298a45b337a9979d6c141ee1be2ee93b
org.apereo.cas	cas-server-support-couchdb-ticket-registry	5.3.15.1		536eb1b0e8a8eb0d9b8122c9fdfdf6e907657f7a
org.apereo.cas	cas-server-support-couchdb-ticket-registry	5.3.15.1	resources	cab689446a12be2290fec07c1e145a336f2c2d68
org.apereo.cas	cas-server-support-couchdb-ticket-registry	5.3.16		791be07586b65cb8d40c54d523668e2db95956d2
org.apereo.cas	cas-server-support-couchdb-ticket-registry	5.3.16	resources	746a2684bafa8e2dc7bcb5a353fb9a25ea4e7ebd
org.apereo.cas	cas-server-support-couchdb-ticket-registry	5.3.2		4fecc863cc7841d05d657b0332cda9514ad3d949
org.apereo.cas	cas-server-support-couchdb-ticket-registry	5.3.2	resources	b7f03ad733cdb3ec05b297767d5e72cc7e6f50f8
org.apereo.cas	cas-server-support-couchdb-ticket-registry	5.3.3		4168a08ec560d1a17b921ad85d81e85209e0b5eb
org.apereo.cas	cas-server-support-couchdb-ticket-registry	5.3.3	resources	cd94d6713977ba24f4ffc9e37d50652f16737e2c
org.apereo.cas	cas-server-support-couchdb-ticket-registry	5.3.4		ca9fbffdbbe78dd521f5e20607211f8d26f52867
org.apereo.cas	cas-server-support-couchdb-ticket-registry	5.3.4	resources	073899d4a154b98edf547ca23b3e51ec5c73d6cb
org.apereo.cas	cas-server-support-couchdb-ticket-registry	5.3.5		f19b0358078239bb89bb25b8c45d9a6b52ea10b4
org.apereo.cas	cas-server-support-couchdb-ticket-registry	5.3.5	resources	dad2feadf9ef445148ad2630f4493b196ea189e9
org.apereo.cas	cas-server-support-couchdb-ticket-registry	5.3.6		9999fa2edde322f43df330736c4b15fc5e1a2174
org.apereo.cas	cas-server-support-couchdb-ticket-registry	5.3.6	resources	cccb67af6b462434b3570c48b855c7c31ec0efe9
org.apereo.cas	cas-server-support-couchdb-ticket-registry	5.3.7		f5701741c9f69b62e3e44e862c2ebc79f4d73290
org.apereo.cas	cas-server-support-couchdb-ticket-registry	5.3.7	resources	94e0a949c2b673e055012583a00e1ca2382e2a17
org.apereo.cas	cas-server-support-couchdb-ticket-registry	5.3.8		a5c76051d3f4610dbc043204d8fc8eb7c9a8db81
org.apereo.cas	cas-server-support-couchdb-ticket-registry	5.3.8	resources	5eb673c9ec2ae7002db89c876713d1eb7fd46362
org.apereo.cas	cas-server-support-couchdb-ticket-registry	5.3.9		4fcda4574edf9f4dbe66a18f59f3011caa64920b
org.apereo.cas	cas-server-support-couchdb-ticket-registry	5.3.9	resources	a445b8c03758b605b7b3785bea29b80538f408ff
org.apereo.cas	cas-server-support-couchdb-ticket-registry	6.0.0		7f7c83b23aa42ce8f83fb5e25a18bf5f69ab9d79
org.apereo.cas	cas-server-support-couchdb-ticket-registry	6.0.0	resources	22385e4b27076bb2177233932730151aef77bb96
org.apereo.cas	cas-server-support-couchdb-ticket-registry	6.0.0-RC1		08c2e32a969313be4c166c23b1626bc49555acd5
org.apereo.cas	cas-server-support-couchdb-ticket-registry	6.0.0-RC1	resources	0a8c31b14abb8b707d815e33bc7da25c0ab6b660
org.apereo.cas	cas-server-support-couchdb-ticket-registry	6.0.0-RC2		3a9d8fb8b832cdd06ba87c87c46ac0a147ac45b9
org.apereo.cas	cas-server-support-couchdb-ticket-registry	6.0.0-RC2	resources	f71ed043af8196ebed3cf7cdc08e4155e504699c
org.apereo.cas	cas-server-support-couchdb-ticket-registry	6.0.0-RC3		bebb5d98ab9a8e2c2c838b28166522c2035b413e
org.apereo.cas	cas-server-support-couchdb-ticket-registry	6.0.0-RC3	resources	3ae115d8353f89a3a9c2643c16b49041148c2b31
org.apereo.cas	cas-server-support-couchdb-ticket-registry	6.0.0-RC4		7cf542d5b570774a464de8e10b032808bac32908
org.apereo.cas	cas-server-support-couchdb-ticket-registry	6.0.0-RC4	resources	78b8455e3f6401ef0ddeba173fc3c14a6d1b42d2
org.apereo.cas	cas-server-support-couchdb-ticket-registry	6.0.1		1e88a96099df58861ae6e95f362a94e4a78a7b64
org.apereo.cas	cas-server-support-couchdb-ticket-registry	6.0.1	resources	88dde9ea60378401ab9c7d284373de31cfeb17b9
org.apereo.cas	cas-server-support-couchdb-ticket-registry	6.0.2		a8c3884e17047097855e0e00f3c143e5d6ad62fe
org.apereo.cas	cas-server-support-couchdb-ticket-registry	6.0.2	resources	c7a793d4d9084e74fed58e61ebb72268426b1b3e
org.apereo.cas	cas-server-support-couchdb-ticket-registry	6.0.3		5e5ef3ec38f11e95f51a3b817ca35deb5f761a8d
org.apereo.cas	cas-server-support-couchdb-ticket-registry	6.0.3	resources	5e5ef5e2e2d3440e998bab77d53701512b49f668
org.apereo.cas	cas-server-support-couchdb-ticket-registry	6.0.4		9fe9a2fdbc9b0204447fd492d5b437f54a5af8c5
org.apereo.cas	cas-server-support-couchdb-ticket-registry	6.0.4	resources	254a3368b9c252c0e55ae3494c3a33a310fcddca
org.apereo.cas	cas-server-support-couchdb-ticket-registry	6.0.5		46075e98b9c49897090b463de6f5d78dfed519cb
org.apereo.cas	cas-server-support-couchdb-ticket-registry	6.0.5	resources	27734e843feaf348af77ece026d8825dc4ef622e
org.apereo.cas	cas-server-support-couchdb-ticket-registry	6.0.5.1		6b674b3db14ee01010528359ff3fcccd4ed91714
org.apereo.cas	cas-server-support-couchdb-ticket-registry	6.0.5.1	resources	fa79f45212188bf068505efdbdb6c4cac98e19df
org.apereo.cas	cas-server-support-couchdb-ticket-registry	6.0.6		9de749e16771281c8c8e6160cd1a88ea3a22658c
org.apereo.cas	cas-server-support-couchdb-ticket-registry	6.0.6	resources	6d671ed2b8e02eb621544a4dbfda31b17541e739
org.apereo.cas	cas-server-support-couchdb-ticket-registry	6.0.7		0c9ae196d2287fce836d0f17b4fe0aeec6b97fe0
org.apereo.cas	cas-server-support-couchdb-ticket-registry	6.0.7	resources	6101a446aba15beaf41ef3895b182fdcec088ac0
org.apereo.cas	cas-server-support-couchdb-ticket-registry	6.0.8		b9e9a24d6515a89e1653d5ec93d0a8666c8dd581
org.apereo.cas	cas-server-support-couchdb-ticket-registry	6.0.8	resources	32546c2038acd4517b1e3de608d47b64afc25dd8
org.apereo.cas	cas-server-support-couchdb-ticket-registry	6.0.8.1		35a4ee0ba73cc925bb21bf4581190e6957c9f357
org.apereo.cas	cas-server-support-couchdb-ticket-registry	6.0.8.1	resources	5b9f3a136edb831a9357ed279240985a053fc016
org.apereo.cas	cas-server-support-couchdb-ticket-registry	6.1.0		12c02c664e3aaba033e39a399ac078e0f1e176ee
org.apereo.cas	cas-server-support-couchdb-ticket-registry	6.1.0	resources	05ed88d13401b4afc142d1cfdd244a0681ebbfa3
org.apereo.cas	cas-server-support-couchdb-ticket-registry	6.1.0-RC1		19c5f211b2b58bb7195347ab916712931bee6946
org.apereo.cas	cas-server-support-couchdb-ticket-registry	6.1.0-RC1	resources	a081ae280fc0a43c067c61c7e45f9f2309408845
org.apereo.cas	cas-server-support-couchdb-ticket-registry	6.1.0-RC2		70d58633a8ae1fb490ee38f8c8a7d5cb0444c3ef
org.apereo.cas	cas-server-support-couchdb-ticket-registry	6.1.0-RC2	resources	653cce7da443dcce1111af1ce64a08318f9a0e45
org.apereo.cas	cas-server-support-couchdb-ticket-registry	6.1.0-RC3		5bb05dce8c3a512e7aa65899c8824166cd75bc49
org.apereo.cas	cas-server-support-couchdb-ticket-registry	6.1.0-RC3	resources	1c94ff517c107e46d14e67dbb4f358717d8e9160
org.apereo.cas	cas-server-support-couchdb-ticket-registry	6.1.0-RC4		1a2a43ee511123e9493daec7c8dc3473db13a4a6
org.apereo.cas	cas-server-support-couchdb-ticket-registry	6.1.0-RC4	resources	25145a187f9d29fcd65490e63b7510b90f09e5e5
org.apereo.cas	cas-server-support-couchdb-ticket-registry	6.1.0-RC5		9599ce2c932d9ee0e75cee64a3dd971a6eb2dcba
org.apereo.cas	cas-server-support-couchdb-ticket-registry	6.1.0-RC5	resources	31e2a794423799295dc312a94c48b1c14ef61e3f
org.apereo.cas	cas-server-support-couchdb-ticket-registry	6.1.0-RC6		c67940e4a98699085e0a98bd0279fae12fc126b2
org.apereo.cas	cas-server-support-couchdb-ticket-registry	6.1.0-RC6	resources	e3823771bde9cfe5587a677e0d49193465ff71fe
org.apereo.cas	cas-server-support-couchdb-ticket-registry	6.1.1		1f4728cd0ca924ffd80da9f1bc664c3f6c365bf6
org.apereo.cas	cas-server-support-couchdb-ticket-registry	6.1.1	resources	3450b0939555c8ce87be6f5d07031453cf0d186c
org.apereo.cas	cas-server-support-couchdb-ticket-registry	6.1.2		5ea01cc37fb1273dde4c090488ff77e651f8d493
org.apereo.cas	cas-server-support-couchdb-ticket-registry	6.1.2	resources	29b99b0b6a8f86cf7aa5f46e0ec84d2eaa851958
org.apereo.cas	cas-server-support-couchdb-ticket-registry	6.1.3		a4b9333e51421162079f1ed35a3a51d3db584713
org.apereo.cas	cas-server-support-couchdb-ticket-registry	6.1.3	resources	e23a52f598927ed3905d19052276ca551ab62242
org.apereo.cas	cas-server-support-couchdb-ticket-registry	6.1.4		9a51fbecf2a09a4a3fe70fa457045e2ca9770ee8
org.apereo.cas	cas-server-support-couchdb-ticket-registry	6.1.4	resources	a7cc0db466b96713fdedb11c01939bf54ebdd811
org.apereo.cas	cas-server-support-couchdb-ticket-registry	6.1.5		625c6c06713b9a8071ddabe1628a9be876157b29
org.apereo.cas	cas-server-support-couchdb-ticket-registry	6.1.5	resources	f20d9fc0e57441a6240e72d95ea4e435d2a7f8cb
org.apereo.cas	cas-server-support-couchdb-ticket-registry	6.1.6		09ba71c667fa7ae9a24840fcf872fd2d352c9f0e
org.apereo.cas	cas-server-support-couchdb-ticket-registry	6.1.6	resources	7f85029dc528f60d91804bf751aa77b7de59ad48
org.apereo.cas	cas-server-support-couchdb-ticket-registry	6.1.7		4035951a8254106251f44f2b805cb3530fe5e465
org.apereo.cas	cas-server-support-couchdb-ticket-registry	6.1.7	resources	9a9793037df3e386a9ba36c343966855cc0f6d5d
org.apereo.cas	cas-server-support-couchdb-ticket-registry	6.1.7.1		00f1b2b3dd914cc8512761a6e99db4dc91ee5158
org.apereo.cas	cas-server-support-couchdb-ticket-registry	6.1.7.1	resources	71f29da3fbdae0af7fe88dadec82204ea696b417
org.apereo.cas	cas-server-support-couchdb-ticket-registry	6.1.7.2		a51f1f896bbeee35dd3a5ca90c5af6b6a4b87e85
org.apereo.cas	cas-server-support-couchdb-ticket-registry	6.1.7.2	resources	864c230e534c14bbf589a0f4df30f0bd8098cbbd
org.apereo.cas	cas-server-support-couchdb-ticket-registry	6.2.0		eb317b2d228c3b279f93bb8f951e49b5de209610
org.apereo.cas	cas-server-support-couchdb-ticket-registry	6.2.0	resources	16241c8d9057fb274bd0451b27597bfce442fe9b
org.apereo.cas	cas-server-support-couchdb-ticket-registry	6.2.0-RC1		9be9c7776e96fce9c00b047e78862e86ac68f5b6
org.apereo.cas	cas-server-support-couchdb-ticket-registry	6.2.0-RC1	resources	59b442e0fb06933106b9f6d0c1b837690208f96f
org.apereo.cas	cas-server-support-couchdb-ticket-registry	6.2.0-RC2		814010e58f2ccd09c90589effc00f819fe7daeff
org.apereo.cas	cas-server-support-couchdb-ticket-registry	6.2.0-RC2	resources	37e3f5f30b382db68f797ed17c480e6b75284b59
org.apereo.cas	cas-server-support-couchdb-ticket-registry	6.2.0-RC3		75c858be7e3f2f6eec82bb988777dce5a8bc28d6
org.apereo.cas	cas-server-support-couchdb-ticket-registry	6.2.0-RC3	resources	8ee5ce23c5f722c5e4e6a7d1e799c128a83a1fa3
org.apereo.cas	cas-server-support-couchdb-ticket-registry	6.2.0-RC4		23611ee9361b09a1c5451f21b9a1061c664d9549
org.apereo.cas	cas-server-support-couchdb-ticket-registry	6.2.0-RC4	resources	7eb2a3ff2389019587fcad6258efa70c8c12b587
org.apereo.cas	cas-server-support-couchdb-ticket-registry	6.2.0-RC5		9466ecc1c7a16e476fdb49388c4e32099b070adf
org.apereo.cas	cas-server-support-couchdb-ticket-registry	6.2.0-RC5	resources	2e6707d38872ac2fc47064c71c68fcd362522a4d
org.apereo.cas	cas-server-support-couchdb-ticket-registry	6.2.1		75ebe7ca5285ce029b225a83dd2792bc77f125a4
org.apereo.cas	cas-server-support-couchdb-ticket-registry	6.2.1	resources	bb0e2091da4ae4020f132bb655bcfabb6dc6cde3
org.apereo.cas	cas-server-support-couchdb-ticket-registry	6.2.2		12337ca2e22d84141ddf57b1642cd323a935712b
org.apereo.cas	cas-server-support-couchdb-ticket-registry	6.2.2	resources	7f1fe1f150fd101813cce2223eb9fa6747100f64
org.apereo.cas	cas-server-support-couchdb-ticket-registry	6.2.3		72bf37206568bc2494a9e8cd85bdd0b1a0a9fdc9
org.apereo.cas	cas-server-support-couchdb-ticket-registry	6.2.3	resources	ce1a107197e5cd52e74b4a62c98f673c7568b858
org.apereo.cas	cas-server-support-couchdb-ticket-registry	6.2.4		1256642b240f563e872f73e33b7de37daa3dd8fa
org.apereo.cas	cas-server-support-couchdb-ticket-registry	6.2.4	resources	027ff239c5cbbc09f3b33048eb01cc91751aedd7
org.apereo.cas	cas-server-support-couchdb-ticket-registry	6.2.5		cc2e3798eb156746f2002e858010ce8a2992a189
org.apereo.cas	cas-server-support-couchdb-ticket-registry	6.2.5	resources	1f821d1c0f75d55ac4fd2deff231c074462cb48e
org.apereo.cas	cas-server-support-couchdb-ticket-registry	6.2.6		779bb2dc0bdec99033e90604ba0cda4c7a783cad
org.apereo.cas	cas-server-support-couchdb-ticket-registry	6.2.6	resources	0f533a8f6719b6e7c88a26a66f300141aa56f95f
org.apereo.cas	cas-server-support-couchdb-ticket-registry	6.2.7		07c8b21da15916c9cad848c237b9339147ce9cb3
org.apereo.cas	cas-server-support-couchdb-ticket-registry	6.2.7	resources	ad203e2cfc589539e4ee6dc12e4818b6d73022ae
org.apereo.cas	cas-server-support-couchdb-ticket-registry	6.2.8		0c05f5b053b7a710d828ba097548868eeb9118ee
org.apereo.cas	cas-server-support-couchdb-ticket-registry	6.2.8	resources	d3e4ebc204945fed700e2a40359d52ce12120e43
org.apereo.cas	cas-server-support-couchdb-ticket-registry	6.3.0		39c4690140bd91a7094e0913719f97d081d49256
org.apereo.cas	cas-server-support-couchdb-ticket-registry	6.3.0	resources	4a482793e48e725674ceef23c59571b76cf7594c
org.apereo.cas	cas-server-support-couchdb-ticket-registry	6.3.0-RC1		95fa6aa2d1210f3a3e6b7efefa0046185af4d0b7
org.apereo.cas	cas-server-support-couchdb-ticket-registry	6.3.0-RC1	resources	b5e223ce1808d109977d824600d606e6a2c388d2
org.apereo.cas	cas-server-support-couchdb-ticket-registry	6.3.0-RC2		2870ec80272b6b0efdda0c7cf1e58de4f34ff28e
org.apereo.cas	cas-server-support-couchdb-ticket-registry	6.3.0-RC2	resources	fdbbfda1e88cd2919fcffa35d216f28b1541d4ed
org.apereo.cas	cas-server-support-couchdb-ticket-registry	6.3.0-RC3		912dbdd62955ba7bba60dba2e17ff9ccab34985e
org.apereo.cas	cas-server-support-couchdb-ticket-registry	6.3.0-RC3	resources	18deb6cf6c5742776434aebf12adb4d6f4dd3aa7
org.apereo.cas	cas-server-support-couchdb-ticket-registry	6.3.0-RC4		07a3d0d31fcb5ff9272d933ee7087273ec7da841
org.apereo.cas	cas-server-support-couchdb-ticket-registry	6.3.0-RC4	resources	0a05aa3222471983ba8615bb0621c92b09cbdb49
org.apereo.cas	cas-server-support-couchdb-ticket-registry	6.3.0-RC5		b2e79f4648cdab94dc83b8a157016de5102c779a
org.apereo.cas	cas-server-support-couchdb-ticket-registry	6.3.0-RC5	resources	4c6771e8488c1f8d97bdeb08d1f593ef18230b85
org.apereo.cas	cas-server-support-couchdb-ticket-registry	6.3.1		e89c3b7c6255b83c095118cb10f7c35e9a9ea7dd
org.apereo.cas	cas-server-support-couchdb-ticket-registry	6.3.1	resources	e1edf664a99197877acdc803beaf269d386b1770
org.apereo.cas	cas-server-support-couchdb-ticket-registry	6.3.2		1cd20a42ebe735ce6cd2631b52658670574da6aa
org.apereo.cas	cas-server-support-couchdb-ticket-registry	6.3.2	resources	a45152ca23701875b547c4706e3cb1381ba8b581
org.apereo.cas	cas-server-support-couchdb-ticket-registry	6.3.3		6922be2d5f1356b0735f5834da2e4329e91bf2f8
org.apereo.cas	cas-server-support-couchdb-ticket-registry	6.3.3	resources	01874635bd01a5cf348bf1ad107c57f2882f4409
org.apereo.cas	cas-server-support-couchdb-ticket-registry	6.3.4		9bc3efbaa251e8e0a48fb1a82536e501bb41503c
org.apereo.cas	cas-server-support-couchdb-ticket-registry	6.3.4	resources	bc3bb712b6e1a16c094c378f436e19ce78f306ea
org.apereo.cas	cas-server-support-couchdb-ticket-registry	6.3.5		b47dea79ecb7880f30b08347dcebd955d381c885
org.apereo.cas	cas-server-support-couchdb-ticket-registry	6.3.5	resources	338fd0657b4104385349c576671119da0c9e8e54
org.apereo.cas	cas-server-support-couchdb-ticket-registry	6.3.6		c945f0c70f38fe7e4560b1ab36875fc11e8c912d
org.apereo.cas	cas-server-support-couchdb-ticket-registry	6.3.6	resources	be3888369154996020347dcfcbe44a56f073f837
org.apereo.cas	cas-server-support-couchdb-ticket-registry	6.3.7		74a3d942c800934ac437681cfb1a0316e863268b
org.apereo.cas	cas-server-support-couchdb-ticket-registry	6.3.7	resources	314c83c033b6dea40b82d18dc22df83c2de76414
org.apereo.cas	cas-server-support-couchdb-ticket-registry	6.3.7.1		66125b5544afaa34397f3642348031fba2e18183
org.apereo.cas	cas-server-support-couchdb-ticket-registry	6.3.7.1	resources	ebf1598828855c7cd2a0a06b4875e75031bd54cb
org.apereo.cas	cas-server-support-couchdb-ticket-registry	6.3.7.2		86db021e6061ade085b24ab5f3aed0103b07f693
org.apereo.cas	cas-server-support-couchdb-ticket-registry	6.3.7.2	resources	fadf8347595d6fec63ffbfb73b14a0e834d9055b
org.apereo.cas	cas-server-support-couchdb-ticket-registry	6.3.7.3		a2cfb78e0047d44e69e4fe3a418c38b41168501e
org.apereo.cas	cas-server-support-couchdb-ticket-registry	6.3.7.3	resources	f974257752725915a56f98808093dce0aceda5d2
org.apereo.cas	cas-server-support-couchdb-ticket-registry	6.3.7.4		7c7aa96b752bef94046d19d604da89d926ce567f
org.apereo.cas	cas-server-support-couchdb-ticket-registry	6.3.7.4	resources	54045f7ae1adc1b8b55d33febaebec85e943b866
org.apereo.cas	cas-server-support-couchdb-ticket-registry	6.4.0		6dcbe8f18694491c0ab4d914830f4560105c824f
org.apereo.cas	cas-server-support-couchdb-ticket-registry	6.4.0	resources	4d02d1610b2f9c14b59f6a3706b283b92bc52088
org.apereo.cas	cas-server-support-couchdb-ticket-registry	6.4.0-RC1		3cf150a7fff18aede53f5cad30d18ba1be96633e
org.apereo.cas	cas-server-support-couchdb-ticket-registry	6.4.0-RC1	resources	160965d9611f12abe05859d2a891f3072ea999d9
org.apereo.cas	cas-server-support-couchdb-ticket-registry	6.4.0-RC2		e3d5a16077c4439a64dffcf53b18e14e4f0b6e21
org.apereo.cas	cas-server-support-couchdb-ticket-registry	6.4.0-RC2	resources	14ba82a43dd3b2245f831023259f54066c3d8bf2
org.apereo.cas	cas-server-support-couchdb-ticket-registry	6.4.0-RC3		50b87de3df888d88a7898a6d8c4a7f58500fbe27
org.apereo.cas	cas-server-support-couchdb-ticket-registry	6.4.0-RC3	resources	f3a5e33cc095fa1552f504d9b09fa8e519fb8ee5
org.apereo.cas	cas-server-support-couchdb-ticket-registry	6.4.0-RC4		86342146096b8f047c2eed96f2fe823cb29ab40c
org.apereo.cas	cas-server-support-couchdb-ticket-registry	6.4.0-RC4	resources	f15b4a7a18ed32a24f0797f2424d6fb9a74a9145
org.apereo.cas	cas-server-support-couchdb-ticket-registry	6.4.0-RC5		57cb4d7b4bdea0510adfd21b085c45240ca9e333
org.apereo.cas	cas-server-support-couchdb-ticket-registry	6.4.0-RC5	resources	a17ab216ee000f08a1fba7891cd1c54ee7105238
org.apereo.cas	cas-server-support-couchdb-ticket-registry	6.4.0-RC6		12b47416a57fbb5118a342d138f9e7dd86e5f80c
org.apereo.cas	cas-server-support-couchdb-ticket-registry	6.4.0-RC6	resources	8fe3ba7374e23bce6208eb3acc0fc50474663e47
org.apereo.cas	cas-server-support-couchdb-ticket-registry	6.4.1		132f2788c509acc89b758530836a507f63df0bdf
org.apereo.cas	cas-server-support-couchdb-ticket-registry	6.4.1	resources	26d8b5699aa655b1351cb01b2cc9366d786509bb
org.apereo.cas	cas-server-support-couchdb-ticket-registry	6.4.2		251fd6325436884ffcb86d76af8e080834b30217
org.apereo.cas	cas-server-support-couchdb-ticket-registry	6.4.2	resources	d5fc213a3887ea5f1eed6ca373a802edbc40bc32
org.apereo.cas	cas-server-support-couchdb-ticket-registry	6.4.3		787dc8e88dde1f7d7519a8e96bcc528f9aeba04f
org.apereo.cas	cas-server-support-couchdb-ticket-registry	6.4.3	resources	2958907b6d11f9f150de32b8644d37fde97468cb
org.apereo.cas	cas-server-support-couchdb-ticket-registry	6.4.4		d209f627091e86ad4f253dd752686c679d3007e8
org.apereo.cas	cas-server-support-couchdb-ticket-registry	6.4.4	resources	fa746d8ab08ba3022e3e1c538004468396dd8e99
org.apereo.cas	cas-server-support-couchdb-ticket-registry	6.4.4.1		d7b9e20c488af3cf6b5550077c47c748a246e316
org.apereo.cas	cas-server-support-couchdb-ticket-registry	6.4.4.1	resources	a9a3b47cc91658c30f589b334237cde9b3c7ce54
org.apereo.cas	cas-server-support-couchdb-ticket-registry	6.4.4.2		63aab2cb6f50d13f22ba4a21a016bb4105bb83dd
org.apereo.cas	cas-server-support-couchdb-ticket-registry	6.4.4.2	resources	8dafc3c2f041e947f73655b713e7252ce79e3518
org.apereo.cas	cas-server-support-couchdb-ticket-registry	6.4.5		89ea023a55901e2ad39ae9cb582a3a9fc40425fb
org.apereo.cas	cas-server-support-couchdb-ticket-registry	6.4.5	resources	5a57d55835ef2d39e42b4bfd05aba7de28cfe0f2
org.apereo.cas	cas-server-support-couchdb-ticket-registry	6.4.6		b985c682ecfa7a78181245e63d1466b8a7094e55
org.apereo.cas	cas-server-support-couchdb-ticket-registry	6.4.6	resources	b3ff65cbbcaa84f6ffc6e2f29b195b15555c48bd
org.apereo.cas	cas-server-support-couchdb-ticket-registry	6.4.6.1		6fdcfe3b5990400e13844395447f09e626a451e1
org.apereo.cas	cas-server-support-couchdb-ticket-registry	6.4.6.1	resources	336fdb068a796a2c2247055a96f5e4bc34f66044
org.apereo.cas	cas-server-support-couchdb-ticket-registry	6.4.6.2		d472d1768e355bfc2074745c8251c4836acd0a65
org.apereo.cas	cas-server-support-couchdb-ticket-registry	6.4.6.2	resources	a63f52933d2e23953f50e5bfd732693d98c49483
org.apereo.cas	cas-server-support-couchdb-ticket-registry	6.4.6.3		66b98b30a29051ff6e05bdd91c13aa4e297419a7
org.apereo.cas	cas-server-support-couchdb-ticket-registry	6.4.6.3	resources	5ef0027463466c8ce1d011b6046ebae6dec742fc
org.apereo.cas	cas-server-support-couchdb-ticket-registry	6.4.6.4		692e57465202344fd8ea41167aab89047eb14c6b
org.apereo.cas	cas-server-support-couchdb-ticket-registry	6.4.6.4	resources	c778bfbc8f833e2caad06dd6e1940709814cfa3a
org.apereo.cas	cas-server-support-couchdb-ticket-registry	6.4.6.5		6c4a92cac09737c1c4b14eba3075aedf866b1ebf
org.apereo.cas	cas-server-support-couchdb-ticket-registry	6.4.6.5	resources	164d990db6a099ffffe4a2cb52ec5c4f09d21b3e
org.apereo.cas	cas-server-support-couchdb-ticket-registry	6.4.6.6		87a52b5e65830e8eb77256dbc337e6343b411cfa
org.apereo.cas	cas-server-support-couchdb-ticket-registry	6.4.6.6	resources	820cd12132ea636344659aa75dd387767f837a1a
org.apereo.cas	cas-server-support-couchdb-ticket-registry	6.5.0		09de3b18075c46dcb66402e7527fda293463f7cb
org.apereo.cas	cas-server-support-couchdb-ticket-registry	6.5.0	resources	0cedd2896a59e86c37694ab06f9b6d2b05fd70d4
org.apereo.cas	cas-server-support-couchdb-ticket-registry	6.5.0-RC1		b4738a1b129c9f073e7d09d84183e8ceb31ce354
org.apereo.cas	cas-server-support-couchdb-ticket-registry	6.5.0-RC1	resources	0b8c1454da8f5d5bb1e3095643a2318d83c08fae
org.apereo.cas	cas-server-support-couchdb-ticket-registry	6.5.0-RC2		94ddcc17681fc5ca09215ecc26016ea9bb2f0ab0
org.apereo.cas	cas-server-support-couchdb-ticket-registry	6.5.0-RC2	resources	a8e417781bdc2cc6bf73c3d748ea3635d679f8b8
org.apereo.cas	cas-server-support-couchdb-ticket-registry	6.5.0-RC3		e3430b909c2b0ddfc797f258db3ee95ab4f1038b
org.apereo.cas	cas-server-support-couchdb-ticket-registry	6.5.0-RC3	resources	11201d327c6e0c05b268c48fd22caecac0923a21
org.apereo.cas	cas-server-support-couchdb-ticket-registry	6.5.0-RC4		f2468d3978a31ca3576b30ff37fb01623f1563e3
org.apereo.cas	cas-server-support-couchdb-ticket-registry	6.5.0-RC4	resources	06c0c6e9f462c277e2d7fd25d4aab11a61e53e67
org.apereo.cas	cas-server-support-couchdb-ticket-registry	6.5.0-RC5		1b7a891ce014069291a360375b5cd0ae565e27fa
org.apereo.cas	cas-server-support-couchdb-ticket-registry	6.5.0-RC5	resources	63662ff7be91a9f23fb2a3e69646c935654fa1fc
org.apereo.cas	cas-server-support-couchdb-ticket-registry	6.5.1		1c876d1e7d9a32c6b4a053b5b2f957bccfbc4052
org.apereo.cas	cas-server-support-couchdb-ticket-registry	6.5.1	resources	e089dcd29b8fade0138876769da1e029efde4ad6
org.apereo.cas	cas-server-support-couchdb-ticket-registry	6.5.2		789c470448a14c9f951c10d0d52da8ce82f53bf9
org.apereo.cas	cas-server-support-couchdb-ticket-registry	6.5.2	resources	7c75f3deb3f530bc8c30e2b15a257f9806c0785c
org.apereo.cas	cas-server-support-couchdb-ticket-registry	6.5.3		c24427055bc61bf4923b39e358470cae2ebf0a30
org.apereo.cas	cas-server-support-couchdb-ticket-registry	6.5.3	resources	235bcac5b9492dbfab0203528d388f0e0e13589b
org.apereo.cas	cas-server-support-couchdb-ticket-registry	6.5.4		959d03eb7d2296fcc8c2a6b734e618494f2580e2
org.apereo.cas	cas-server-support-couchdb-ticket-registry	6.5.4	resources	0c3cfe61f5153fbbf837005e3261a4e7bdde098e
org.apereo.cas	cas-server-support-couchdb-ticket-registry	6.5.5		21abdf64d441de0d401390af642279b7cf9bc272
org.apereo.cas	cas-server-support-couchdb-ticket-registry	6.5.5	resources	158e693c7d854e89a8dae2ccf6bbca08b8e1f0b0
org.apereo.cas	cas-server-support-couchdb-ticket-registry	6.5.6		b81c2c176d6d386794000b48c57819a5ee5d6208
org.apereo.cas	cas-server-support-couchdb-ticket-registry	6.5.6	resources	ff6de711c44cc2fae1becb11596c619458c4d32a
org.apereo.cas	cas-server-support-couchdb-ticket-registry	6.5.7		e4853feff0603d4b3b04aba31f9a4b7b84b98819
org.apereo.cas	cas-server-support-couchdb-ticket-registry	6.5.7	resources	0d6a54be50255def3116a8e2923f2734c57c2f0f
org.apereo.cas	cas-server-support-couchdb-ticket-registry	6.5.8		f6c1b1a4bb5c972086e56a80747422158ec23879
org.apereo.cas	cas-server-support-couchdb-ticket-registry	6.5.8	resources	69d8d9ebb9539c4b1cf872243c5e4bb0c02daace
org.apereo.cas	cas-server-support-couchdb-ticket-registry	6.5.9		899eb70104765d0445fafcc10f3074f70c662fc8
org.apereo.cas	cas-server-support-couchdb-ticket-registry	6.5.9	resources	4d5f39a74eea328745221b3e30bacad0394c313f
org.apereo.cas	cas-server-support-couchdb-ticket-registry	6.5.9.1		c9de0bd83a9b92ead318caedfb985a537b9d4c39
org.apereo.cas	cas-server-support-couchdb-ticket-registry	6.5.9.1	resources	e9e1fad7183eb98dff3eaa2c6112e07bfc75f7b6
org.apereo.cas	cas-server-support-couchdb-ticket-registry	6.5.9.2		095b3a76d7c2313afe47dd626374b3527c19f622
org.apereo.cas	cas-server-support-couchdb-ticket-registry	6.5.9.2	resources	04555683cdc52ca1ea0f77a16826686d013fdb2e
org.apereo.cas	cas-server-support-couchdb-ticket-registry	6.5.9.3		ed4f732c2c90f3914b5e56768a7570d52693a289
org.apereo.cas	cas-server-support-couchdb-ticket-registry	6.5.9.3	resources	70654450f81e21a4ad9a0cddfb538f4f6505dc37
org.apereo.cas	cas-server-support-couchdb-ticket-registry	6.5.9.4		c91ac7d27eba5adac672b76781ec046ee42b53fd
org.apereo.cas	cas-server-support-couchdb-ticket-registry	6.5.9.4	resources	46992bc18b2e8bcfb3917a6d72b530fa491e960a
org.apereo.cas	cas-server-support-couchdb-ticket-registry	6.6.0		49d352d579ecdb6b98ff182275b0bd9a6f89aefd
org.apereo.cas	cas-server-support-couchdb-ticket-registry	6.6.0	resources	6a42d685b83898e464ff133e13e842983a2667ef
org.apereo.cas	cas-server-support-couchdb-ticket-registry	6.6.0-RC1		8184e9f4451c079d263099524e23f933a1ae8119
org.apereo.cas	cas-server-support-couchdb-ticket-registry	6.6.0-RC1	resources	f3366b47a88ebc7d739c5b374237f76f0eec19f7
org.apereo.cas	cas-server-support-couchdb-ticket-registry	6.6.0-RC2		8bc363402871b0ec2780133277e8713aa80956f2
org.apereo.cas	cas-server-support-couchdb-ticket-registry	6.6.0-RC2	resources	ff07bec6f5e38e28bbca766344fb279add44201d
org.apereo.cas	cas-server-support-couchdb-ticket-registry	6.6.0-RC3		0c25c5902fd0747caac279823f24d93fb6129fd2
org.apereo.cas	cas-server-support-couchdb-ticket-registry	6.6.0-RC3	resources	ee6d6e93404f149f6f9cdac4fa96554d84d54aa8
org.apereo.cas	cas-server-support-couchdb-ticket-registry	6.6.0-RC4		89300ea4c8e7acf889e3d2b6667b55a9dd4f3c35
org.apereo.cas	cas-server-support-couchdb-ticket-registry	6.6.0-RC4	resources	fc57aaea332eafa86922cdaf69e61af6705352b4
org.apereo.cas	cas-server-support-couchdb-ticket-registry	6.6.0-RC5		a5650233459509b8922e980e4dcccc7ca968aef2
org.apereo.cas	cas-server-support-couchdb-ticket-registry	6.6.0-RC5	resources	b7b7e0c781a2b99a5fb60137986f6518367dea97
org.apereo.cas	cas-server-support-couchdb-ticket-registry	6.6.1		ea95d3d0c858706c903fb56905f17ee3574cb89d
org.apereo.cas	cas-server-support-couchdb-ticket-registry	6.6.1	resources	605a512f1eaa8c75c19795e3ac059cd6ed395249
org.apereo.cas	cas-server-support-couchdb-ticket-registry	6.6.10		dcfdaad21a6763fdc98117d71a6752b06cd07ec6
org.apereo.cas	cas-server-support-couchdb-ticket-registry	6.6.10	resources	51156770440078822eaf62bf576b964e48601b62
org.apereo.cas	cas-server-support-couchdb-ticket-registry	6.6.11		11fa578053f26e0e10392f5f46c08e939b36e8ad
org.apereo.cas	cas-server-support-couchdb-ticket-registry	6.6.11	resources	3e87f1b983ad438616a3f86fd8456d02bee2dccf
org.apereo.cas	cas-server-support-couchdb-ticket-registry	6.6.12		d88814db270585a07861925e6d316d5df2e7dac2
org.apereo.cas	cas-server-support-couchdb-ticket-registry	6.6.12	resources	62cbae9addf05dab35b2f4cbae1c7661c4d6552b
org.apereo.cas	cas-server-support-couchdb-ticket-registry	6.6.13		bf45185f89b93e7e13b4715930ba456f0d8c2e95
org.apereo.cas	cas-server-support-couchdb-ticket-registry	6.6.13	resources	a1bbfa249f0f1e18def21be95e845df18b2957e0
org.apereo.cas	cas-server-support-couchdb-ticket-registry	6.6.14		393581d055c6f96ec05494749eaee3272c2b9a33
org.apereo.cas	cas-server-support-couchdb-ticket-registry	6.6.14	resources	408475bb8d891e57f1bedb3abbfac427aa7ecfc8
org.apereo.cas	cas-server-support-couchdb-ticket-registry	6.6.15		ec0c3a23ecfe2c5880a79bbc606addcaf59f7167
org.apereo.cas	cas-server-support-couchdb-ticket-registry	6.6.15	resources	9bd55b286138082cd1739286b130186386720ca5
org.apereo.cas	cas-server-support-couchdb-ticket-registry	6.6.15.1		e5cbf7bedeaaa35f67105ad6e346ed45575eee66
org.apereo.cas	cas-server-support-couchdb-ticket-registry	6.6.15.1	resources	b8b5b1d99d348ed1ad4f6dc6bfd1935a6f28a23c
org.apereo.cas	cas-server-support-couchdb-ticket-registry	6.6.15.2		c7a36de37606b26e688cd41d91658607f40023c3
org.apereo.cas	cas-server-support-couchdb-ticket-registry	6.6.15.2	resources	2c051b3bdd5448501f174e5659b1f7e8a54bc3dc
org.apereo.cas	cas-server-support-couchdb-ticket-registry	6.6.2		5cbf8ffc3a1ff93edd6c10d483b9596167a08dc7
org.apereo.cas	cas-server-support-couchdb-ticket-registry	6.6.2	resources	febe0c9ecbd5d40aed6c713f37de2e0209aa4c62
org.apereo.cas	cas-server-support-couchdb-ticket-registry	6.6.3		2ebf60039c64045b7245570f22f63e2d7ce3dde3
org.apereo.cas	cas-server-support-couchdb-ticket-registry	6.6.3	resources	ea10215cee0e5e912c695de5ad2d16c26948135c
org.apereo.cas	cas-server-support-couchdb-ticket-registry	6.6.4		a1c7e6669292b00a43338209c717a470624dbac2
org.apereo.cas	cas-server-support-couchdb-ticket-registry	6.6.4	resources	c34eb5cf08a20e4c1f6043ef96d4fa20d6b38fba
org.apereo.cas	cas-server-support-couchdb-ticket-registry	6.6.5		79faf0518c5ea29615f5b2a6c404872c7b6596a5
org.apereo.cas	cas-server-support-couchdb-ticket-registry	6.6.5	resources	b9384fc340acb154390214edc2d152c05cf907cf
org.apereo.cas	cas-server-support-couchdb-ticket-registry	6.6.6		721b982927ebb4111facbefaf7b56ca412814ea1
org.apereo.cas	cas-server-support-couchdb-ticket-registry	6.6.6	resources	e471abd8b0f77242ddb9139389aa1ff8a11ed62c
org.apereo.cas	cas-server-support-couchdb-ticket-registry	6.6.7		b98691c46c3a145649b03b3519f405e24079ccfb
org.apereo.cas	cas-server-support-couchdb-ticket-registry	6.6.7	resources	869f81e6dbffad419b90d56e1c67e558af07dce8
org.apereo.cas	cas-server-support-couchdb-ticket-registry	6.6.8		8393f60d74fc6e4ef845ef6dcedf1c40cbd3ded7
org.apereo.cas	cas-server-support-couchdb-ticket-registry	6.6.8	resources	e493804cb389f6297550cd4e3f7670f6e3cc7ef8
org.apereo.cas	cas-server-support-couchdb-ticket-registry	6.6.9		f95177c93f77d1ec1141d0885cf2817c50fed7f1
org.apereo.cas	cas-server-support-couchdb-ticket-registry	6.6.9	resources	918e3d05f5ba8a3bbdc5770bba5ff8895bfcd2c3
org.apereo.cas	cas-server-support-couchdb-ticket-registry	7.0.0-RC1		dd2961e34bfbdbdfc4e6d10ef2009229fed3d12a
org.apereo.cas	cas-server-support-couchdb-ticket-registry	7.0.0-RC1	resources	f1e70894ec40e4d56a00395a08bbac327f6f68bb
org.apereo.cas	cas-server-support-couchdb-ticket-registry	7.0.0-RC2		6a4321e2cad697be217dc47d41513dddd2a46900
org.apereo.cas	cas-server-support-couchdb-ticket-registry	7.0.0-RC2	resources	9579ac6ce738b55105fb6a881d512477ca2183d8
org.apereo.cas	cas-server-support-couchdb-ticket-registry	7.0.0-RC3		078c677e4ca7aaa875a8a1f86ed461b92835016f
org.apereo.cas	cas-server-support-couchdb-ticket-registry	7.0.0-RC3	resources	f5e9a76231cf139876b510b5618f2329bc534126
org.apereo.cas	cas-server-support-couchdb-ticket-registry	7.0.0-RC4		fc037a69652efe89d281155ef051ac0741467da2
org.apereo.cas	cas-server-support-couchdb-ticket-registry	7.0.0-RC4	resources	d9f7d57a5f9cd84aead3b883a3227c8df8bd7d44
org.apereo.cas	cas-server-support-couchdb-ticket-registry	7.0.0-RC5		0310063d921c55085d1dcb3f54b5f537012f9a4f
org.apereo.cas	cas-server-support-couchdb-ticket-registry	7.0.0-RC5	resources	cb8a54eb74a574cced44762c05d5528e63a5290c
org.apereo.cas	cas-server-support-couchdb-ticket-registry	v6.4.0-RC5		1e08ad3b2fed0f8eaeb2d7f55d01bebac29b463b
org.apereo.cas	cas-server-support-couchdb-ticket-registry	v6.4.0-RC5	resources	4d734987505414862225c6535132fa522386d0db
org.apereo.cas	cas-server-support-couchdb-ticket-registry	v6.4.0-RC6		80ed86d51ca67771f346bf6c5165b9b32e37a284
org.apereo.cas	cas-server-support-couchdb-ticket-registry	v6.4.0-RC6	resources	f9c4bd82e74c895d2e774ad4d6612a9cc36a9fa6
org.arquillian.universe	arquillian-pact-provider	1.0.0.Alpha4		N/A
org.eclipse.mylyn.java	ui	2.0.0-v20070628-1000		e4e6761ecaa8ead139f9aaa5a6b390f105df854a
org.gnieh	geo-scala-polyline_native0.4_3	0.3.0		33d5ebe902df08e25620b282b60f368383b8de8c
org.gnieh	geo-scala-polyline_native0.4_3	0.4.0		0bb00b22cd883a257f36c1078a1411a2dda8b45e
org.iplass	iplass-tools	3.0.1		b15dcb9557e2ad97e71d3cdfb843b79b03662174
org.iplass	iplass-tools	3.0.10		280a67efeb6f71fc35010095f81099cab4c2ebb0
org.iplass	iplass-tools	3.0.11		694b81548cfad47741b69f8135f87e00a5c1f9df
org.iplass	iplass-tools	3.0.12		1cc7a9bcc314c5a832ef393637643c8deabd2e41
org.iplass	iplass-tools	3.0.13		77a0811cb01b342dce6e6add1a253b70bbdfffc4
org.iplass	iplass-tools	3.0.14		701a1bc2e75ef951984b844a0253b9f11de7154e
org.iplass	iplass-tools	3.0.15		2f63af7d110e77303197f8e2c0d7ab4fa72ed304
org.iplass	iplass-tools	3.0.16		6be634b8185b86d3fb2e07a06315d45b4f2dd115
org.iplass	iplass-tools	3.0.17		e0245271901ad24190ee4c83313bdcb8acf0fc47
org.iplass	iplass-tools	3.0.18		5e4f963e1fd8a41e5ac484346c517375ce340e0d
org.iplass	iplass-tools	3.0.19		9f998f976ed380f6d23ece8910b8470318953376
org.iplass	iplass-tools	3.0.2		e5cccf81d7f0d477df7ca5e6bf474c25ce97b418
org.iplass	iplass-tools	3.0.20		fba89e6580a048a72278a20cd2ea313dd5290b7d
org.iplass	iplass-tools	3.0.21		b56c672b5563792ced4f5c8b3f92ba2348c2fd59
org.iplass	iplass-tools	3.0.22		5e6618ccf066c79c2197fc30561e55f52bfa76d4
org.iplass	iplass-tools	3.0.23		1d175eeb762de5ea89aa28173618f2bccfe9799f
org.iplass	iplass-tools	3.0.24		60deed208467551b3701aed732f252fa99f4110f
org.iplass	iplass-tools	3.0.25		34d136a5fc5b31b5ff958a93b98ebb639605eeaf
org.iplass	iplass-tools	3.0.26		0371047243773c6dcebdd14806f6a62f9193f784
org.iplass	iplass-tools	3.0.27		a06cc4423d3733cb13ab90050f4c0974e173b696
org.iplass	iplass-tools	3.0.28		abd9b9a0fe06802a8f071107284e0aa0b22f3139
org.iplass	iplass-tools	3.0.29		1dba9b9f49f1670ccf584f025f3c4c327f051057
org.iplass	iplass-tools	3.0.3		d53c28788df19b136317aa35a9204f3f19b17413
org.iplass	iplass-tools	3.0.30		0ecddbcff3bd782bc121cd4ae3171b4d8ca5279f
org.iplass	iplass-tools	3.0.31		385719f6cca0aebd2f428d0bab5f22b1b7c596ff
org.iplass	iplass-tools	3.0.32		d5d6a4fa7890f8019920433678451595b8d4384e
org.iplass	iplass-tools	3.0.33		08fa1478b964133c8cd38a946e1a47a53285f7bb
org.iplass	iplass-tools	3.0.33-1		cc099e670b5e9e227fad8ff3416ac884a5f02736
org.iplass	iplass-tools	3.0.33-2		8b6fa74c2760339f58644957e512029240c337c3
org.iplass	iplass-tools	3.0.34		cfd8b0bb8c56f5e15aca7d09f611c89968d33a18
org.iplass	iplass-tools	3.0.35		da515e0d3e297cb8b6e2c8ffc78e72f29cf7ae5d
org.iplass	iplass-tools	3.0.36		0e062f68f97e0e55cbd97458767bb7966a33f9d8
org.iplass	iplass-tools	3.0.37		9c560a464b24b63dbbbd46072f80289a52920248
org.iplass	iplass-tools	3.0.38		7ad1d701c72bbe6f9577ef094f02bfb6eacd1a6e
org.iplass	iplass-tools	3.0.39		c679da1cf094caa51d040e6786ef6e3c3db8ab26
org.iplass	iplass-tools	3.0.4		3cc0666fc2c65ad34e357b57e795b0bbb1bc11bf
org.iplass	iplass-tools	3.0.40		b3a4606d8de40e5477e93830d72059544a7a2f5b
org.iplass	iplass-tools	3.0.41		951ef1d71cad35bcf0d4d312ad003e09fd8926c7
org.iplass	iplass-tools	3.0.42		aab1a2b52c5835817b4b71b2dac08613d8282ba7
org.iplass	iplass-tools	3.0.43		9e72936f6850906a25f66ce1fe28ef1b9c8030cb
org.iplass	iplass-tools	3.0.44		5c91fc95c37169f62690e57223ab24bd6d4928ed
org.iplass	iplass-tools	3.0.5		599b7c008a9edddc5d35766db09ae0644c628ad2
org.iplass	iplass-tools	3.0.6		92fd4e7248c717b46b9f47b05c2503a21da68515
org.iplass	iplass-tools	3.0.7		6e1464f3c489e00e9b5ebc35372c6c7f44071683
org.iplass	iplass-tools	3.0.8		72e0620040a40bb0e94ce7c9238006443a9cc039
org.iplass	iplass-tools	3.0.9		f5a4addae146e488632383559c75267527213be8
org.iplass	iplass-tools	3.1.0		787eaed64b2009327f043ec97a66526eb029f676
org.iplass	iplass-tools	3.1.1		95d8300e405a7ee8f2bbb1bd4677d8467f1c0793
org.iplass	iplass-tools	3.1.10		3bfef933c760e617cd92ba91372a1ee4a6217a9d
org.iplass	iplass-tools	3.1.11		a858d66db53265570b2f0d6df40b1dea3a20d084
org.iplass	iplass-tools	3.1.12		966c058d7adc41e8f2baa77abdd92840ca460cd8
org.iplass	iplass-tools	3.1.13		87a017ef7efd0ac9e76aadaf94062a0428076ede
org.iplass	iplass-tools	3.1.14		5bf302fe4decd7f6caf06f78cefdc2735ae9c99c
org.iplass	iplass-tools	3.1.15		b67e41b138e7e4e7388d1437a3adfef4d89e0b95
org.iplass	iplass-tools	3.1.16		44d394b2ce96ffd876c7fa20bf406f8de8daae46
org.iplass	iplass-tools	3.1.17		0fff9b668e5f21b7eb30256e5e134dee03ae407c
org.iplass	iplass-tools	3.1.18		8b64c3df924a1252209f0c1766bb2c9d0d3fde30
org.iplass	iplass-tools	3.1.19		e9f5f80dd7750d9259dfa4e1870064733ca10589
org.iplass	iplass-tools	3.1.2		dcff3ee12ee1d67c03e837dcd133d9a883b484ec
org.iplass	iplass-tools	3.1.20		6082208a1f465d251815d0250f119dbe7c1ae26d
org.iplass	iplass-tools	3.1.21		ceaf0250e92330ef9694dc8a0f370248d2946e04
org.iplass	iplass-tools	3.1.22		745e17ac64fb6bf0a15d8f7463be584fb46cbb18
org.iplass	iplass-tools	3.1.23		027e6a1b9503ff453068ddd0bdd8e549ffb87f31
org.iplass	iplass-tools	3.1.24		b7a0d53e215518b863f2143d006afbf7266dbefa
org.iplass	iplass-tools	3.1.25		d3c42e0ccf2b993a6bb63a107fa58df52c9c17cb
org.iplass	iplass-tools	3.1.26		0c5d908dad857500bdf3d20523acdc3dda079e03
org.iplass	iplass-tools	3.1.27		b7b1a8b52bbe3c70ef11802275cf6437b5a2ee01
org.iplass	iplass-tools	3.1.28		16ed4b7e52c0778d236551d4e4bd71091aff45d8
org.iplass	iplass-tools	3.1.29		76cffe4df84da6308c72695baaf4a6e930a58986
org.iplass	iplass-tools	3.1.3		09bddadbd2382afe83b6d40c60eea686d8134752
org.iplass	iplass-tools	3.1.30		3c9ce0322560cc7ab93747ff649182fb4a48795a
org.iplass	iplass-tools	3.1.31		68b9bb767c95dfa29622628946c0ec21980f76e8
org.iplass	iplass-tools	3.1.32		1387687440b6060ec1664625a82fa796260ba831
org.iplass	iplass-tools	3.1.33		fabac36d8f70008d4ec4d356d0245b67b9d68560
org.iplass	iplass-tools	3.1.34		35d2ce58704d1c5d5587d493dbf895e66715f444
org.iplass	iplass-tools	3.1.35		0f3f7c26ca1914b958e28c3dccf0c25e440353d1
org.iplass	iplass-tools	3.1.36		899ed0ee36dc9e3c83840f42f89b10f5dd913fbe
org.iplass	iplass-tools	3.1.37		980f1a82be865c356ff6ec37fe5a282ada7e236a
org.iplass	iplass-tools	3.1.38		925ca6be03abda081a0125948a0966aa8e86200a
org.iplass	iplass-tools	3.1.39		dc6f4df0448f1bd175d4355f12f35b3a9137783e
org.iplass	iplass-tools	3.1.4		87671ba7d86142bdb740aa0c24705dfb09aa6b44
org.iplass	iplass-tools	3.1.40		8e2b3ec47ba0b6749dc91a8f10297a578997c26c
org.iplass	iplass-tools	3.1.41		c8fecc94ca607f5a879698646c6a57dab274a9ef
org.iplass	iplass-tools	3.1.42		9f097f42b172ed192c17a719cd62b250e9cc7ddf
org.iplass	iplass-tools	3.1.43		420fbe71aa1d31ba4cc8e004bdf2d724a6aa9845
org.iplass	iplass-tools	3.1.44		10c023c1035cc49224c253547a162032edcd49b6
org.iplass	iplass-tools	3.1.45		f6809cbd510d0f1ffe7990d0ade4aaf952f1f294
org.iplass	iplass-tools	3.1.46		e5621a0b2bed5dc9ec05abc46057d3614dca5f32
org.iplass	iplass-tools	3.1.5		07db5163f6151683feb53116ec98423e6a134799
org.iplass	iplass-tools	3.1.6		704692713fed988aefecd9ea522a5051838c69ab
org.iplass	iplass-tools	3.1.7		45523471e938da4d393fefa2a137a2a08f2f1338
org.iplass	iplass-tools	3.1.8		9bf41975a39dc388aaf53b0648fdc87b291d68dc
org.iplass	iplass-tools	3.1.9		fe20ac89147e82a606e390f0144a3e9a1a108b58
org.iplass	iplass-tools	3.2.0		0f2d26a361296d01c3de6b568ff17e49b737d790
org.iplass	iplass-tools	3.2.1		9e2c8a86a6e27ae0743637984d4fe0f0d9a56d43
org.iplass	iplass-tools	3.2.10		fd0f437b5bb472b9d5f3af75b0a00c7bcc4a34a8
org.iplass	iplass-tools	3.2.11		f9eea9bf19bac616c27ec25ed8574ab3580bdcde
org.iplass	iplass-tools	3.2.12		6f4b74ef7fba575dc41ad14aef6d80111a39c76a
org.iplass	iplass-tools	3.2.13		716e8d8a8008e2d75b3066eb1d8f2aa9561fa6dc
org.iplass	iplass-tools	3.2.14		777df2a26c70f21746bb46f71bdc99ac4222af69
org.iplass	iplass-tools	3.2.15		607ea819bdbf71e2dbffcfdfedb18dc3fe785685
org.iplass	iplass-tools	3.2.16		35b3bdb0bcfafb654ed62e3702d4cb93c584f485
org.iplass	iplass-tools	3.2.17		7b059fda43d26b1d322d18c3b20651bc4d40f150
org.iplass	iplass-tools	3.2.18		604bb70e112b2d5b4ee330e1c96bc539153ad2f3
org.iplass	iplass-tools	3.2.19		9ed052f32838a142f1aa79b1c219a49e181d3c1e
org.iplass	iplass-tools	3.2.2		a3585a0794f2abc05ba468d0bcb193ccbc56d826
org.iplass	iplass-tools	3.2.20		b617477ebb40b2484eeda1fcedeb4d7f3f7e1a48
org.iplass	iplass-tools	3.2.21		d15b02f0a0ebc3dd475ce5e795dc265bfbc8a307
org.iplass	iplass-tools	3.2.22		efa68ec418645cd17442ec0524de92a2219da6de
org.iplass	iplass-tools	3.2.23		31d90e6025d7ce37fa12a4882401d56c099a5146
org.iplass	iplass-tools	3.2.24		5d8582818cbf973d91ec7acd1104bcc70bbdc747
org.iplass	iplass-tools	3.2.25		05d02dbfd8da93af1a3b7a4b051ad2b0e9d1980a
org.iplass	iplass-tools	3.2.26		1414b7e890339fbbfd713b7fea447ba074352d7a
org.iplass	iplass-tools	3.2.27		0bf829714af9731cbd47b609f9de75bdcd5fbdef
org.iplass	iplass-tools	3.2.28		ed453ac9f28e456a1710a0aaf288a872808a8e8d
org.iplass	iplass-tools	3.2.29		8f063ef11a7ae82f7d7abdbb93b9ef1e1559f126
org.iplass	iplass-tools	3.2.3		10c1ff4d709b253dfa2dc0fbfdbce76046cebf84
org.iplass	iplass-tools	3.2.30		dec31f6dba4353cedacfcfcae611d9e81af1fa4c
org.iplass	iplass-tools	3.2.4		74cae25ad57fa1dede503592d263da153d8dd8c0
org.iplass	iplass-tools	3.2.5		26e9097129c89bdc42e2493a1db1c7779625c774
org.iplass	iplass-tools	3.2.6		d00b270b492b07654d46cb24880214fa83b0e93c
org.iplass	iplass-tools	3.2.7		940e483bac493c91bedd378e3bf86db4549af5b4
org.iplass	iplass-tools	3.2.8		06236b00b8773f35b449987fc964f328fea346fa
org.iplass	iplass-tools	3.2.9		77fac79ac07b063295eccaba20393ffc8f651166
org.iplass	iplass-tools	4.0.0		e24c0cae7b0b0452b98074442d224030c50f33cd
org.iplass	iplass-tools	4.0.1		c27a3b92a34d5efa56f1916d40b8243fe726d3bf
org.iplass	iplass-tools	4.0.2		0ff66bafa96cfe8d54ad9ea87f2a076c78add0b3
org.iplass	iplass-tools	4.0.3		4b85122c7990a78c2826dbebe0d8152e0ebfa28c
org.iplass	iplass-tools	4.0.4		2fec9eac6994bf1c8463d7ba6bd98b89c2921a3f
org.iplass	iplass-tools	4.0.5		b2758a2e0aefaea168b2dbd672567a878ea3ce67
org.iplass	iplass-tools	4.0.6		d195c16f67aeb928330d0d21f65796f8be8a5036
org.iplass	iplass-tools	4.0.7		04b4e47a4b03da5a19be46436fae5f32ae460e74
org.jibx.schema.config	schema-library-reactor2	1.0.3		N/A
org.jibx.schema.config	schema-library-reactor2	1.0.4		N/A
org.jvnet.ogc	ows-v_0_3_0-schema	1.0.0		cbed4773c46a0f7ff558a8725fa5afb8c1981cf9
org.jvnet.ogc	ows-v_0_3_0-schema	1.0.2		217f84002df49b685bebd59c4bc6e4427653ba7b
org.jvnet.ogc	ows-v_0_3_0-schema	1.0.3		052057bf2ff8e51db9c2872d685df5783c4a41c7
org.jvnet.ogc	ows-v_0_3_0-schema	1.1.0		de080babc47fa04d69744fa48a756ffe3d989610
org.kurento.tutorial	kurento-one2one-call	6.11.0		832393fddeaa9a7fa37fd55a3288ec0500ef1781
org.kurento.tutorial	kurento-one2one-call	6.11.0	exec	22a7b852096a2b6bb7f27abaf52513c2d289723e
org.kurento.tutorial	kurento-one2one-call	6.15.0		ad5392e9147956eaba3460915217aa30d8a8fdd0
org.kurento.tutorial	kurento-one2one-call	6.15.0	exec	34253bf6917fab03887b6ce075f55ad421ccc076
org.kurento.tutorial	kurento-one2one-call	6.18.0		c05d74284713ef911de2a98172593a180aa05843
org.kurento.tutorial	kurento-one2one-call	6.18.0	exec	c697180911eef792ba98ad7ef9c40fe45e7d9d15
org.kurento.tutorial	kurento-one2one-call	6.8.0		caf34d45f008a0cd4c4d145c6e854f9865bc8d68
org.kurento.tutorial	kurento-one2one-call	6.8.0	exec	04598fdf787832974cd51735b12e14d5be979f9c
org.lorislab.quarkus	quarkus-testcontainers-parent	0.1.0		N/A
org.lorislab.quarkus	quarkus-testcontainers-parent	0.2.0		N/A
org.lorislab.quarkus	quarkus-testcontainers-parent	0.3.0		N/A
org.microprofile-ext.examples	openapi-helidon-se-example	2.0.0		bd5b83aab358e763f6fdc1c8105db2e545dd326c
org.microprofile-ext.examples	openapi-helidon-se-example	2.1.1		267ec6d341621544b90b3104fb7075c97613b994
org.minijax	minijax-client	0.2.2		6870268012eccaaff6e3f2cd93b83158a1a22b31
org.minijax	minijax-client	0.2.3		722c34a3242077153ebd45fdc890db803290e37b
org.minijax	minijax-client	0.2.4		2e2a759394c9b25f8fd86bc0a29a6855944f6e77
org.minijax	minijax-client	0.2.6		a7b634a257b8873e79f6c1a733c5006eac616ec0
org.minijax	minijax-client	0.3.0		1709899b01dea204aa0354129b875a68c6248156
org.minijax	minijax-client	0.3.1		d685467e5b4dfca915f1ff75758339610431c3a3
org.minijax	minijax-client	0.3.10		43eb54e6e104bfc2c4b5ac27438bc3d4ba8caa8e
org.minijax	minijax-client	0.3.11		e8a137e870d5f25c9526edddb521486b656f779e
org.minijax	minijax-client	0.3.12		981675714e4b616c59f1f9f33cef70977a7b99c0
org.minijax	minijax-client	0.3.14		ac65de957a88629a0a0b303008ea45355f5f995c
org.minijax	minijax-client	0.3.18		4df3b418045dd4fa69c073dcc0774708a26cd570
org.minijax	minijax-client	0.3.2		36f74a12dfeb506671ce2a803e63660c9db043d4
org.minijax	minijax-client	0.3.20		624cb4c662f102abacbc34bd8f86699cee6e94e1
org.minijax	minijax-client	0.3.3		cce0b5eb25323a7679f8a9e8c09ad1cb7cea4a6c
org.minijax	minijax-client	0.3.4		648c4f34a53fa274bf3b044d5f30e81408882faf
org.minijax	minijax-client	0.3.5		6563401446be758fe52352d5a0e6759dea11bcd9
org.minijax	minijax-client	0.3.6		4152d1d72a1a8eb1c835fcc424e6a776a69bf48f
org.minijax	minijax-client	0.3.7		0c9433a736e381f8ad8fab79bc2377ce858df11f
org.minijax	minijax-client	0.4.1		98fd07ab507e6a7a37f9e374931e55740ae781cb
org.minijax	minijax-client	0.4.13		610102c4f2001bcbab4ade29ad43b74202350dd4
org.minijax	minijax-client	0.4.14		3b3da58210c7054e3a97cec70ff787bf5dee44bc
org.minijax	minijax-client	0.4.15		81f7b6c45d6e97389c76b4ae1319809a0273a69c
org.minijax	minijax-client	0.4.17		87f46db906519694199d449e0601cbf6afc6cc78
org.minijax	minijax-client	0.5.1		0080128266f83fb6e869dc2be8f17cd0d92fd61b
org.minijax	minijax-client	0.5.10		cefd0e3646c44d4f02f2f83536726fe2dc008d76
org.minijax	minijax-client	0.5.2		bf3c01bb153ffb61f16775b8431741a485e76eed
org.minijax	minijax-client	0.5.3		32099a6660c00d6151e898449d6373fa6e01bd73
org.minijax	minijax-client	0.5.5		33fda5d064ea35c7e2b4eab185ada546f05945a4
org.minijax	minijax-client	0.5.7		92d07008e1d4b8e28c8c1597ddbadb5dbf9ba3a4
org.minijax	minijax-client	0.5.8		8ba8217ba21b1935990ff9ba82cdc3e1d7d67cc3
org.minijax	minijax-client	0.5.9		824db9452fed74dfc9f4bee91aa58e18d7080d55
org.mockito	mockito-scala-cats_2.11	1.10.0		4072bde4fe437053d69545a4eeba45846be843b7
org.mockito	mockito-scala-cats_2.11	1.10.1		b59d8f315a4039287620f007cc6edd870252c00a
org.mockito	mockito-scala-cats_2.11	1.10.2		b846231728f0244cb37224321d66b39b8840a056
org.mockito	mockito-scala-cats_2.11	1.10.3		1794c78198271b11305416ecb5d89b22bc9c53d7
org.mockito	mockito-scala-cats_2.11	1.10.4		0b0bb8fe484f899e25f268c3244ee7851bceda4e
org.mockito	mockito-scala-cats_2.11	1.10.5		d5de48565c4514e873f8caf3c35dadba0f149e57
org.mockito	mockito-scala-cats_2.11	1.10.6		d04421f35d2d16b80da27d7bb7b445854524e719
org.mockito	mockito-scala-cats_2.11	1.11.0		49a3c57795a3d6088de832fd2c6828ed26ec2838
org.mockito	mockito-scala-cats_2.11	1.11.1		d5030ae9cfa410a8667539ce47fe0129c8a5f38e
org.mockito	mockito-scala-cats_2.11	1.11.2		2ac70960d1308fe5f6858c71e586517659cda941
org.mockito	mockito-scala-cats_2.11	1.11.3		d5057b49fe3852677b28af5b242e7966446429ea
org.mockito	mockito-scala-cats_2.11	1.11.4		241eba8cae497348115c5bf5057550f063da937c
org.mockito	mockito-scala-cats_2.11	1.12.0		c5c97dee5d6c44b5c0c7af1a3fc710ff738f4005
org.mockito	mockito-scala-cats_2.11	1.13.0		129911a9ff6526cecd043e5433fb2eea9494465c
org.mockito	mockito-scala-cats_2.11	1.13.1		d650963ae6660da9c4f0ca1f36cc9f058310cb2c
org.mockito	mockito-scala-cats_2.11	1.13.10		91494447bc8d214b84af1b931330d268f955de84
org.mockito	mockito-scala-cats_2.11	1.13.11		d309588dc2dcbfb931ce095bff17a71f9f923172
org.mockito	mockito-scala-cats_2.11	1.13.4		08bd8cc6ad8939990627db27e36b300fb47c9b91
org.mockito	mockito-scala-cats_2.11	1.13.5		3ef1597ed453c1650f6ae23801acd66b35cd8978
org.mockito	mockito-scala-cats_2.11	1.13.6		981f4481d24b40733d2eff1dce48cecc5cf8d2cc
org.mockito	mockito-scala-cats_2.11	1.13.7		2e34af3c31f7c3115236d9917b255bcca59372ec
org.mockito	mockito-scala-cats_2.11	1.13.8		4f1e1cccb1f1ab1c4b18e0ee048a853fb1c6753f
org.mockito	mockito-scala-cats_2.11	1.13.9		6e628eff28eaa80fb19db0bef404e9cad80906e0
org.mockito	mockito-scala-cats_2.11	1.14.0		c11811f74762406431044c0be9cdd04c243361aa
org.mockito	mockito-scala-cats_2.11	1.14.1		d5b26d0b23be84adcd054608318b2b7f5f17c8e9
org.mockito	mockito-scala-cats_2.11	1.14.2		229cd196c3fc4352b409c0299ebb0a94fda5176c
org.mockito	mockito-scala-cats_2.11	1.14.3		0a7ec4ee148d0caf443b4b5d3ad551ca7bfe452b
org.mockito	mockito-scala-cats_2.11	1.14.4		c3a698515c88640d5ca87dd26dd2acdad86068f8
org.mockito	mockito-scala-cats_2.11	1.14.6		2dcc2db6e865a8d5da39bdd6d899cb8b47570caa
org.mockito	mockito-scala-cats_2.11	1.14.7		797bb6a67a2f842067a6f9f0b9a2dbbc0fe42efe
org.mockito	mockito-scala-cats_2.11	1.14.8		83eaeb6c634c91ef69ab0312258d1a58721cdf96
org.mockito	mockito-scala-cats_2.11	1.15.0		e00d57e79eb2b8d475ca9ea1837e4a9a25332c63
org.mockito	mockito-scala-cats_2.11	1.15.1		668d5aea141cbebc660ea4087186b444d1c115cc
org.mockito	mockito-scala-cats_2.11	1.16.0		067749d067f41e5b44622d8952babb19e1a7081d
org.mockito	mockito-scala-cats_2.11	1.16.1		5a3709316e26f0f61b15eabc8a574953365c58ac
org.mockito	mockito-scala-cats_2.11	1.16.11		c865ce551ed898a0ef78d5f17735cc337d30ffc2
org.mockito	mockito-scala-cats_2.11	1.16.12		4caaf519c42fb8f5fb893c44a922be970c38eeb3
org.mockito	mockito-scala-cats_2.11	1.16.13		9d726d198d840795012e0729618525e51162ab7d
org.mockito	mockito-scala-cats_2.11	1.16.15		cf9af907b105cf324b63780c58ff9921a30d0afd
org.mockito	mockito-scala-cats_2.11	1.16.19		9a49c6be68f4b9aba585af4dd4b2e6a32f2a888f
org.mockito	mockito-scala-cats_2.11	1.16.2		3a4364cfdc0694a00c9f883f222e09dd71539ba9
org.mockito	mockito-scala-cats_2.11	1.16.20		6ed6e855dafa61ef6a0590485cf86c71b7470d1a
org.mockito	mockito-scala-cats_2.11	1.16.21		18b4124a25c75e79136628427cc66aa02d0bf334
org.mockito	mockito-scala-cats_2.11	1.16.23		b8a51c91c6573c3ed5ce0aecc90c591825d9c672
org.mockito	mockito-scala-cats_2.11	1.16.25		2ff671f6f021d06bff9eee8dcfe458b9ddcbe968
org.mockito	mockito-scala-cats_2.11	1.16.29		321a797469398b71d24625698386c06f28c44ec3
org.mockito	mockito-scala-cats_2.11	1.16.3		f54a9b9fa4ebcbef51f0acd8eee61bfce995800a
org.mockito	mockito-scala-cats_2.11	1.16.32		15c9273403871ccb289dddda79a0e97e123ccae4
org.mockito	mockito-scala-cats_2.11	1.16.33		0db7ecdab7ffd99512ecb53e0624d5b5061833dc
org.mockito	mockito-scala-cats_2.11	1.16.37		5c8ee79c4b698bd0e54bb9cd7fae38c7d56cd43a
org.mockito	mockito-scala-cats_2.11	1.16.39		014f390f02a77e5d5cdcc16d70c77e0960244938
org.mockito	mockito-scala-cats_2.11	1.16.42		a6ed423e9eb43af524695db77c06750de2f8fbea
org.mockito	mockito-scala-cats_2.11	1.16.46		26865f32423395598aae039f179e10c05bf0c4f5
org.mockito	mockito-scala-cats_2.11	1.16.49		151117c0c09c765e87444b0c7b575339cbd471ca
org.mockito	mockito-scala-cats_2.11	1.16.55		efd52f8bf2fdbe399c9e9b3414c7d0856961d8ab
org.mockito	mockito-scala-cats_2.11	1.17.0		49429ce14aa146ea046ff6af4b8985371bfeb9c0
org.mockito	mockito-scala-cats_2.11	1.17.12		f538c5c48c0cc3c8732ba78b60bae9b64c66a14c
org.mockito	mockito-scala-cats_2.11	1.17.14		ccd2fbdd763de09f1238ba2588f5f7cefbdf31ee
org.mockito	mockito-scala-cats_2.11	1.17.15		6a98302dbe94022c7394b5a3c7d2ff03d76120b8
org.mockito	mockito-scala-cats_2.11	1.17.16		22f021301c8f2a2a4c17877b8f321c4d4fda20fc
org.mockito	mockito-scala-cats_2.11	1.17.17		dcd901fabc808ed204e91cbda1672ec921d295e1
org.mockito	mockito-scala-cats_2.11	1.17.18		c666e75c7e59c031790cbc2637665478dc6fdd50
org.mockito	mockito-scala-cats_2.11	1.17.19		9412b76dd6a234e0798fa74441fcc0abd333abba
org.mockito	mockito-scala-cats_2.11	1.17.20		f12b22546e5b08d4a64d716e993e9d7e6cb721a3
org.mockito	mockito-scala-cats_2.11	1.17.21		914771f03b7a0895c414097971b291adef8ea740
org.mockito	mockito-scala-cats_2.11	1.17.22		d1ff5057f9a1591e155f3476db19782ed7037faa
org.mockito	mockito-scala-cats_2.11	1.17.23		21f49c94fc845225e1adf7d98ce4874f6c6ee8bf
org.mockito	mockito-scala-cats_2.11	1.17.24		bf5918ad4688e10019c65207e43cce407f354e62
org.mockito	mockito-scala-cats_2.11	1.17.25		4a1cb32e4f5d257c66a506dacfb2b5f28e7d1901
org.mockito	mockito-scala-cats_2.11	1.17.26		7ebd5960c423b60324cf2a17451bc57c391f2e0e
org.mockito	mockito-scala-cats_2.11	1.17.27		973eb7bafede26e53b4ef39ea8b859dc92fdca62
org.mockito	mockito-scala-cats_2.11	1.17.28		91f623c0f4eccab5ab29e1f4cb54ede9e95d9e3d
org.mockito	mockito-scala-cats_2.11	1.17.29		bf344b2499f07afcad8660fb3758bea954571469
org.mockito	mockito-scala-cats_2.11	1.17.3		5cabec2b3a38c8ecd4f8d08bf855dc4b2c381d8d
org.mockito	mockito-scala-cats_2.11	1.17.30		dd818e1a838565af327ddd12f00d756af16dd4c2
org.mockito	mockito-scala-cats_2.11	1.17.31		d7d268354b0f4572927619af92385e64a65f09b9
org.mockito	mockito-scala-cats_2.11	1.17.37		d94f746ea11c393fd8eb7da788733b26bb8718bc
org.mockito	mockito-scala-cats_2.11	1.17.4		81c2ea056380cf5fe4f8c4dc786fd5de87915f82
org.mockito	mockito-scala-cats_2.11	1.17.5		8d067b5582228295d81595b2f1392141a6289a25
org.mockito	mockito-scala-cats_2.11	1.17.6		792e684378549a221ce423b81bacf7c436016d31
org.mockito	mockito-scala-cats_2.11	1.17.7		856f62e1c160aae033fe98f7c49956b34497ff0f
org.mockito	mockito-scala-cats_2.11	1.4.1		c9ec5df11e0ccd78dc19ce9714dc0ad11f39721e
org.mockito	mockito-scala-cats_2.11	1.4.2		0048d6261fb175fe8fa13193b5f243d0593f7ad1
org.mockito	mockito-scala-cats_2.11	1.4.3		f039a6ad77967f5574a86453c7877acb0bbb88dd
org.mockito	mockito-scala-cats_2.11	1.4.6		70fba809cc94a7d52610c734312ce79ab6e13c3a
org.mockito	mockito-scala-cats_2.11	1.4.7		227d12bc6536f8880cb3573e85e66e8bcc4b12e5
org.mockito	mockito-scala-cats_2.11	1.5.0		d00605300fada927943890b945349c4e878eba25
org.mockito	mockito-scala-cats_2.11	1.5.1		0c915f2057aa4cfe9b05e8a0dc5ea728ce9eff9b
org.mockito	mockito-scala-cats_2.11	1.5.10		dbe450d769ede8289cf7d47d3406a855c060ec07
org.mockito	mockito-scala-cats_2.11	1.5.11		c85ed1168ef824685c5b427b0c546b38a9b7fd00
org.mockito	mockito-scala-cats_2.11	1.5.12		3aa1b813858d743b6831892421cbb221eaa26a77
org.mockito	mockito-scala-cats_2.11	1.5.13		dd7b26b9c966dbc9728ca65ea5000778d7d16fc6
org.mockito	mockito-scala-cats_2.11	1.5.14		3662f07ad595a6be7fef41e580e7ee4b4477784e
org.mockito	mockito-scala-cats_2.11	1.5.15		5503203a95554f44319cc522026b68b7d02bb1ff
org.mockito	mockito-scala-cats_2.11	1.5.16		27aead63f287e3fc8d57cfafba143f2b9420fd44
org.mockito	mockito-scala-cats_2.11	1.5.17		b5ff400f3b0b44d77e1c483db0456ac0cfc54849
org.mockito	mockito-scala-cats_2.11	1.5.18		1517e2c16aa4b73a00ae8493908940123a64d375
org.mockito	mockito-scala-cats_2.11	1.5.2		3afdcb282d594c1e98892a39d4bb8cb870fa89e7
org.mockito	mockito-scala-cats_2.11	1.5.4		26ef8d7edffbae0e8b43b049df06c820577827bc
org.mockito	mockito-scala-cats_2.11	1.5.6		578df29591d5270272201594bb4d5c17c9d66a4f
org.mockito	mockito-scala-cats_2.11	1.5.7		e692ebaf6987d19ee356cb7cf5b8c61eb5d7015d
org.mockito	mockito-scala-cats_2.11	1.5.8		ccdb171ef21cc1b03d1e0deb38381bd514bc8a59
org.mockito	mockito-scala-cats_2.11	1.5.9		799b7e7a31016c4692e6cc94cabcd016b24ee7b3
org.mockito	mockito-scala-cats_2.11	1.6.1		c07a8582a3a42ad426b3e1c2dd2eefc24298b57a
org.mockito	mockito-scala-cats_2.11	1.6.2		46b2e7a156577fd34a4745c559f2e9d1d8495728
org.mockito	mockito-scala-cats_2.11	1.7.0		93434e85aea56b886e938ab893648309ee478ce0
org.mockito	mockito-scala-cats_2.11	1.7.1		0e28a5fc38773b6fdf1c1fc6b47aaca99348db0d
org.mockito	mockito-scala-cats_2.11	1.9.0		d034cc30146a32c91c3db921422c903bec0d39ee
org.opencastproject	opencast-statistics-service-impl	10.0		572663c64df60a7a43a29bad8f4fcf8ad3611638
org.opencastproject	opencast-statistics-service-impl	10.1		84e9932da634e53231a7d5b0c2c7b4bc364b6e86
org.opencastproject	opencast-statistics-service-impl	10.10		fd3a49f4236326b03d3aaef02b85dec6d24fc548
org.opencastproject	opencast-statistics-service-impl	10.11		3ab239d5e50736480a3a72cba08ed23f451d4d0d
org.opencastproject	opencast-statistics-service-impl	10.12		6e4ed82d841a20b24072a4282ca086b6514d9f85
org.opencastproject	opencast-statistics-service-impl	10.2		c1ffb833a260379e1d4e6c1d89361e1e6a521462
org.opencastproject	opencast-statistics-service-impl	10.3		9789b415eb97f238c6fe7a862ec1c4ba93bc1cc2
org.opencastproject	opencast-statistics-service-impl	10.4		7b41678fd3172a2838f4e1f71a9920abbbdd7f24
org.opencastproject	opencast-statistics-service-impl	10.5		fbbafbcc2c8e5f01ae484b285ce270514f7a4635
org.opencastproject	opencast-statistics-service-impl	10.6		676688f85c6b89abd9cdeffc360790120dba68b7
org.opencastproject	opencast-statistics-service-impl	10.7		b7120635e41fa2433f123d5dffeccc58e070f5a2
org.opencastproject	opencast-statistics-service-impl	10.8		b98f7fc1694cac56a212c01e1e163bed7f2fb3b9
org.opencastproject	opencast-statistics-service-impl	10.9		b29081fad39a0179932a8dceeddb8903d4000e8b
org.opencastproject	opencast-statistics-service-impl	11.0		f724616bee094ffeb039086f07ac10daa25aef1a
org.opencastproject	opencast-statistics-service-impl	11.1		bc5a895a2dfe862106e6b99ba8099232fd3b7f38
org.opencastproject	opencast-statistics-service-impl	11.10		22363e3396dc5e55e1ef6f9756bd0a4b5a72a5df
org.opencastproject	opencast-statistics-service-impl	11.11		aa1aa594567373df912ad0c421fa696c7e656830
org.opencastproject	opencast-statistics-service-impl	11.2		b28f350fd28536f53111a2fc576b2ba19c039e74
org.opencastproject	opencast-statistics-service-impl	11.3		3b271d0e8862ce00439bbe5746fbe62ee7d80da0
org.opencastproject	opencast-statistics-service-impl	11.4		9f79aaec79f77185b09f3530156999aad6f33a46
org.opencastproject	opencast-statistics-service-impl	11.5		e8ba4b017cea7cdb320fb4555d98d49d2c5697cd
org.opencastproject	opencast-statistics-service-impl	11.6		921cf5ca85d61a2cc05bce5f0ae72204a261deed
org.opencastproject	opencast-statistics-service-impl	11.7		1f9e30fd0e7935e78181a1c934c9c2e6f1cdd6a8
org.opencastproject	opencast-statistics-service-impl	11.8		2f526f706df3bdd9959f983211b50c629b219905
org.opencastproject	opencast-statistics-service-impl	11.9		05970051132bbbfaaba86e26211694cd4e933269
org.opencastproject	opencast-statistics-service-impl	12.0		cdb4370999505884d4fa97e803cfc764691a131d
org.opencastproject	opencast-statistics-service-impl	12.1		65f21fa1f6c0f071bf99ba28d92e72f625e4ac0e
org.opencastproject	opencast-statistics-service-impl	12.11		c963cef803f25332a248075770ed17d137e8d7d7
org.opencastproject	opencast-statistics-service-impl	12.12		ba6555dfc669b95692bc31876c0406d22ba9b2bc
org.opencastproject	opencast-statistics-service-impl	12.13		d061c3c64a57f5fe0cb3c21b2c76ba6cdc0ca5dd
org.opencastproject	opencast-statistics-service-impl	12.2		3c851de99a2bedd28d19be8d35905a75cda03c15
org.opencastproject	opencast-statistics-service-impl	12.3		15ad78e609b73c7c031c632381c80cbd0220ace1
org.opencastproject	opencast-statistics-service-impl	12.5		0d95ccf56a0ccfb9cf8928719463113f47a953e2
org.opencastproject	opencast-statistics-service-impl	12.6		f09bc027ef817b0244f522ed71078932d1e34012
org.opencastproject	opencast-statistics-service-impl	12.7		9f67219a953bb5a7563b933d8dd53fd66fa5bcb3
org.opencastproject	opencast-statistics-service-impl	12.8		29a41d2c1785f961186dd2b2d7b4f4464920872d
org.opencastproject	opencast-statistics-service-impl	12.9		868a25ab23452e34511df08add10203debfd1453
org.opencastproject	opencast-statistics-service-impl	13.0		e0e3b541859d939f3aa33d5c39a15a832db3d6ba
org.opencastproject	opencast-statistics-service-impl	13.1		6b4a0464ba03fa0943adc0e80e5cb7915c2cd15a
org.opencastproject	opencast-statistics-service-impl	13.10		0a51b567d727a82802b4df0c1b8f8482222ec911
org.opencastproject	opencast-statistics-service-impl	13.11		7986912d421ba79df4f54f373db46189fcf5cd1f
org.opencastproject	opencast-statistics-service-impl	13.12		0b21447fda4b17d8a83919159ef40bd97b8e8955
org.opencastproject	opencast-statistics-service-impl	13.2		2741e8520cfa7b05999ee7a87b0989e1d55fd605
org.opencastproject	opencast-statistics-service-impl	13.4		883d83f0f44ef324cc90e9b7b047e5b7ed4fc16e
org.opencastproject	opencast-statistics-service-impl	13.5		827e34e8612285a8795bd4a6bcab09685c45a441
org.opencastproject	opencast-statistics-service-impl	13.6		6f92631665b91b24b6320b0432e660ba6d50ac04
org.opencastproject	opencast-statistics-service-impl	13.7		9deb05c3b263b77b5746d2a0a7a5d736253b821c
org.opencastproject	opencast-statistics-service-impl	13.8		302fabe53650ced6c76c50d374d4cfd62653dd12
org.opencastproject	opencast-statistics-service-impl	14.0		c5116239edc855a427e9750e4950a939f87e1816
org.opencastproject	opencast-statistics-service-impl	14.1		14a6ebd4f58ccf17b772222da97420a8aeef563b
org.opencastproject	opencast-statistics-service-impl	14.10		0f12d759765fa036f96dd3d30f5ae96df1b77ac4
org.opencastproject	opencast-statistics-service-impl	14.11		4ca74def614a436c6e220f0dc45a49afc5c32550
org.opencastproject	opencast-statistics-service-impl	14.12		bbd3a4ff850e166195421e32576250ab7ef009e1
org.opencastproject	opencast-statistics-service-impl	14.13		4b4b1d7a424cb1afa6ef6be22a0aa8e1f31c4f77
org.opencastproject	opencast-statistics-service-impl	14.2		98fdd3a2e1c099a5a81e445bed2e86f30332a907
org.opencastproject	opencast-statistics-service-impl	14.3		0501c381569844798ad9a7fdb32f6078ec687459
org.opencastproject	opencast-statistics-service-impl	14.5		aaef34ca015ba86ad690177324bdd44d2a8bfb60
org.opencastproject	opencast-statistics-service-impl	14.6		0b6d44f5bf2572cc8254e431cb4b644de7025f98
org.opencastproject	opencast-statistics-service-impl	14.7		da23fb14c275b105585d0606a7b87ac433ad878b
org.opencastproject	opencast-statistics-service-impl	14.8		5b48444069bd3797390d31cf0ac9cf82f1591b46
org.opencastproject	opencast-statistics-service-impl	14.9		69a87ebc4406c7e976c9ac900630666f7a6deaa7
org.opencastproject	opencast-statistics-service-impl	15.0		01d4b85dbc4bbaede00a796ce3e5463c2de2e391
org.opencastproject	opencast-statistics-service-impl	15.1		1d82f30791c02ac31b1d1e847b6429259d547081
org.opencastproject	opencast-statistics-service-impl	15.10		ffe82951198f718e959f5a479339acb3aa48d0fe
org.opencastproject	opencast-statistics-service-impl	15.11		dd90a3d2d11b2ebfe80027df59ac53c00f66c6b4
org.opencastproject	opencast-statistics-service-impl	15.12		c07b9f5e3f0c4fa960a61b698ba183131a29cd69
org.opencastproject	opencast-statistics-service-impl	15.13		6036bf0226605738aa2f083bd5e25604ef5c66e7
org.opencastproject	opencast-statistics-service-impl	15.2		161f3baff7d3e800fba2b0bfd7e566c4975631f7
org.opencastproject	opencast-statistics-service-impl	15.3		ea23197a17385ba780343a1de4fb96dd0c06bb88
org.opencastproject	opencast-statistics-service-impl	15.4		f872baa33dd36f853898eaf8ba0548524bcafa4d
org.opencastproject	opencast-statistics-service-impl	15.5		09d72a61d039a8c987735d65d2d3be8692d42dcd
org.opencastproject	opencast-statistics-service-impl	15.6		3df6beaa8f1d8c2be9c15c502e79656fb72958b1
org.opencastproject	opencast-statistics-service-impl	15.7		c623c68a8252f3a524621813685b87fa2c17884f
org.opencastproject	opencast-statistics-service-impl	15.8		8ac23318f43637912b0fa11ed9b43439ffce58e2
org.opencastproject	opencast-statistics-service-impl	15.9		4c9922b96cec4d1f268ba53a40e0ee9141f619b8
org.opencastproject	opencast-statistics-service-impl	16.0		6f580cb6a22149090f340ee5c5680c96c59f0b4b
org.opencastproject	opencast-statistics-service-impl	16.1		8daed934d713ac33c766eeab0d69a82999a89923
org.opencastproject	opencast-statistics-service-impl	16.10		dacec578fe22aa75952ec5b6fd16f20d1a745974
org.opencastproject	opencast-statistics-service-impl	16.2		6e1fdf97ace43318df632463be95d9245c8c5406
org.opencastproject	opencast-statistics-service-impl	16.3		bf410d681785e7a6afd7032b9c3da42f036568df
org.opencastproject	opencast-statistics-service-impl	16.4		e76ca0317466b8da15be929cfb4a4285a81d14d1
org.opencastproject	opencast-statistics-service-impl	16.5		1ae3f8459a3038e842886a56a3b57ad7c22b3879
org.opencastproject	opencast-statistics-service-impl	16.6		e0991383ef9238826d37ae378e4c0ed06d7473e0
org.opencastproject	opencast-statistics-service-impl	16.7		f1f8bffb057eb78a48e41e399e8c4bfaa69d333c
org.opencastproject	opencast-statistics-service-impl	16.8		db15944e4ecf29100b62202d064638a38e1311ef
org.opencastproject	opencast-statistics-service-impl	16.9		02c78dce29f663818b47b446a61cb1b2ef755b1e
org.opencastproject	opencast-statistics-service-impl	8.0		aae6cb9c1132118ee953295c61180cf4ba0b633e
org.opencastproject	opencast-statistics-service-impl	8.1		97b79098aa1cfd1129e33dadbf81dae7c942ee18
org.opencastproject	opencast-statistics-service-impl	8.10		e383ce98d983b603373cd20b2207dd0176de10e8
org.opencastproject	opencast-statistics-service-impl	8.11		40a74fee1229bca863761eb04c6e71a762cae139
org.opencastproject	opencast-statistics-service-impl	8.3		6203b831497771864c008295be7f0881b60ce5ce
org.opencastproject	opencast-statistics-service-impl	8.4		2f05d5b225074cb36e545910cbf07f5fae1762ce
org.opencastproject	opencast-statistics-service-impl	8.5		2cb582ca19f9a2ebfdcc1bccece30452a983f1c5
org.opencastproject	opencast-statistics-service-impl	8.6		2a0310157c081aeef75a16244b4f7f1d16e148a6
org.opencastproject	opencast-statistics-service-impl	8.7		a8faa56072073043f0e1c626c3369a053706a946
org.opencastproject	opencast-statistics-service-impl	8.8		a573ba91a75b3c46c655c773a1a447e385e93437
org.opencastproject	opencast-statistics-service-impl	8.9		67766e3695689ee44b20e09ca07b83ac1a7a42f7
org.opencastproject	opencast-statistics-service-impl	9.0		74b58ba70f2aac15d024d06af6076fbe68ef27ec
org.opencastproject	opencast-statistics-service-impl	9.1		df3b60d9ed58b301c688ab3c0189cbc4ac96c072
org.opencastproject	opencast-statistics-service-impl	9.10		56989d7b0d310652bc0603d41d7c09020a71937d
org.opencastproject	opencast-statistics-service-impl	9.11		e1aa465fb493ba0b3bcf1f0d2748b69c7371b232
org.opencastproject	opencast-statistics-service-impl	9.12		73a886ea67e7e0275a8eef8d59527779c1b88b97
org.opencastproject	opencast-statistics-service-impl	9.2		0b08c732fc8c88833530ee76bb8528d7556700d4
org.opencastproject	opencast-statistics-service-impl	9.3		07089d911e173094eacdf884309d72c344ab789d
org.opencastproject	opencast-statistics-service-impl	9.4		57bb760d8af90db58e3f268ae0fa94c19783e8a6
org.opencastproject	opencast-statistics-service-impl	9.5		ad55c2b63d76f5e807a9961e5efefb4cabff5bf3
org.opencastproject	opencast-statistics-service-impl	9.6		e3083dbd14cae9b1352f22bec7d9d21a38e07c2f
org.opencastproject	opencast-statistics-service-impl	9.9		8061aed23d5215cc9c0479c2f460c0509b0b86e8
org.ow2.frascati.tinfi.juliet	frascati-tinfi-juliet	1.4.2		9fcf32ed905612c3719b1044e03bb9b72f0e9766
org.oxerr	okcoin-client-rest	2.0.1		bad5f3559853d638a8358843129ce211e4b77ec6
org.oxerr	okcoin-client-rest	2.1.0		619e83b85d53bb2b40f19f291ce76a374378618e
org.oxerr	okcoin-client-rest	3.0.0		8b5de24a3d51c16f7dedcfe2aeb84a8f5e69b8d7
org.oxerr	okcoin-client-rest	4.0.0		fa511ae2d90e0d09bf0d4c3b3ff7127193725b84
org.oxerr	okcoin-client-rest	5.0.0		a2132e08a53cb0c4c41ebfd3852ec7441111175d
org.oxerr	okcoin-client-rest	5.0.1		083c64d75aea319078aa464f4b4acac2ce478da4
org.oxerr	okcoin-client-rest	5.1.0		36011ed1fb7656a2b400bba6210364a18fc24f75
org.oxerr	okcoin-client-rest	5.1.1		a16c4b611113ca7b363f97c3898ec9ad8260c33d
org.oxerr	okcoin-client-rest	5.1.2		552b33429dec51003edb820f54169d7f2eb81aab
org.oxerr	okcoin-client-rest	5.1.3		54e45b13dd41b91a5da2b28f8f6503ea65d4e351
org.oxerr	spring-security-wechat-config	0.0.1		54f92ebb391175a237309d67190dce65c32131e0
org.sakaiproject.courier	sakai-courier-pack	10.3		N/A
org.sakaiproject.courier	sakai-courier-pack	10.4		N/A
org.sakaiproject.courier	sakai-courier-pack	10.6		N/A
org.sakaiproject.courier	sakai-courier-pack	10.7		N/A
org.sakaiproject.courier	sakai-courier-pack	2.9.0		N/A
org.sakaiproject.courier	sakai-courier-pack	2.9.0-b03		N/A
org.sakaiproject.courier	sakai-courier-pack	2.9.0-b04		N/A
org.sakaiproject.courier	sakai-courier-pack	2.9.0-b05		N/A
org.sakaiproject.courier	sakai-courier-pack	2.9.0-b06		N/A
org.sakaiproject.courier	sakai-courier-pack	2.9.0-b07		N/A
org.sakaiproject.courier	sakai-courier-pack	2.9.0-rc01		N/A
org.sakaiproject.courier	sakai-courier-pack	2.9.0-rc02		N/A
org.sakaiproject.courier	sakai-courier-pack	2.9.0-rc03		N/A
org.sakaiproject.courier	sakai-courier-pack	2.9.1		N/A
org.sakaiproject.courier	sakai-courier-pack	2.9.2		N/A
org.sakaiproject.courier	sakai-courier-pack	2.9.3		N/A
org.springframework.cloud	spring-cloud-stream-schema-registry-core	4.0.0		392d9fb7cc570d4c27fa4e8ddf3a3890f7f14ed9
org.springframework.cloud	spring-cloud-stream-schema-registry-core	4.0.1		282c30217e86090607b94fe952c604868507b73b
org.springframework.cloud	spring-cloud-stream-schema-registry-core	4.0.2		b982cec0afc3a39f94329f1e7d29a53c87adcddb
org.springframework.cloud	spring-cloud-stream-schema-registry-core	4.0.3		b36cf8cee0cfca7311b0a15b7ad62f3e65a8edde
org.springframework.cloud	spring-cloud-stream-schema-registry-core	4.0.4		7be56337eb14bd8070c67f43177d14f76845fe36
org.springframework.cloud	spring-cloud-stream-schema-registry-core	4.0.5		86a08658978d08a23850e6921b12d4cbb3f863af
org.springframework.cloud	spring-cloud-stream-schema-registry-core	4.1.0		03e666ce5a807d573e493acbf6fb3916a4f9d092
org.springframework.cloud	spring-cloud-stream-schema-registry-core	4.1.1		45dbf31782f6b12e1612f19e172daccc161fd648
org.springframework.cloud	spring-cloud-stream-schema-registry-core	4.1.2		9e6e29d3a09b8d1e5dba063edb28fa7237b64aef
org.springframework.cloud	spring-cloud-stream-schema-registry-core	4.1.3		9b9f47fe7f97d0261517f7bd6dea36e339c2239a
org.springframework.cloud	spring-cloud-stream-schema-registry-core	4.1.4		7c0a6afe01f84576828d08c066256fd582d7c810
org.springframework.cloud	spring-cloud-stream-schema-registry-core	4.1.5		1d68c30364bd5ab91686723b689f2fd61ef4c497
org.springframework.cloud	spring-cloud-stream-schema-registry-core	4.2.0		ffd9cdf89e3f6fd291db6785eb848c046161cc67
org.springframework.cloud	spring-cloud-stream-schema-registry-core	4.2.1		7574f3884765c1c2433f160010ce081fdf930189
org.typelevel	otel4s-sdk-metrics-testkit_native0.4_2.13	0.10.0		41294eb959563cff9636a1d11c5e77de1f39aa91
org.typelevel	otel4s-sdk-metrics-testkit_native0.4_2.13	0.11.0		8f4b62034afedc458117bb3594910c154f5e0fce
org.typelevel	otel4s-sdk-metrics-testkit_native0.4_2.13	0.11.1		734bc8bdf1596c414eb9e34642da28530db337b4
org.typelevel	otel4s-sdk-metrics-testkit_native0.4_2.13	0.11.2		0551fb225395723ff11f393ed1a374606ce8018c
org.typelevel	otel4s-sdk-metrics-testkit_native0.4_2.13	0.12.0		d5ff76be3b9446535fb60b45831dd54943b40276
org.typelevel	otel4s-sdk-metrics-testkit_native0.4_2.13	0.12.0-RC1		be29e8d409f446c1a70c2fadacc2931452f5e482
org.typelevel	otel4s-sdk-metrics-testkit_native0.4_2.13	0.12.0-RC2		0bea379b5cd24b1967ed537daf7a348e00fbf493
org.typelevel	otel4s-sdk-metrics-testkit_native0.4_2.13	0.12.0-RC3		782cab7067f090b36b3e05a5f91884f6965d6064
org.typelevel	otel4s-sdk-metrics-testkit_native0.4_2.13	0.12.0-RC4		681675066ff5b9c958832518c75204e12e791308
org.typelevel	otel4s-sdk-metrics-testkit_native0.4_2.13	0.7.0		cb72667781425c06bec76ec0ba9c21c7655a4c70
org.typelevel	otel4s-sdk-metrics-testkit_native0.4_2.13	0.8.0		7a1538e4fb0a5a8c26c0d8ed4fa31bced419ec65
org.typelevel	otel4s-sdk-metrics-testkit_native0.4_2.13	0.8.1		29c4d93241cc3c88c9fa2036a7230485ae4e6761
org.typelevel	otel4s-sdk-metrics-testkit_native0.4_2.13	0.9.0		07a1151f830e3cc00d9a9caa1148823b4448aa02
org.webjars.bower	angular-stripe-checkout	2.1.0		7a155e128d64c8e80cd898095ef676db26fd6a34
org.webjars.bower	angular-stripe-checkout	2.1.1		6b5c2652bd1dc55033664f0f6b88cd7a9d6f0ddc
org.webjars.bower	angular-stripe-checkout	2.2.0		01ce80dc224369a65ef7eaaa76ea08cbe423a6b1
org.webjars.bower	angular-stripe-checkout	2.2.1		67f7a23b2aa1dadb0715fe4755fd712196611bec
org.webjars.npm	github-com-cytoscape-cytoscape-js-dagre	2.2.2		11386a82663b16962337c43c87e4f3466a5261dd
org.webjars.npm	release-zalgo	1.0.0		43ade28cfbfa042153e46e4fc763d4a9a26ce655
org.webjars.npm	submitty__pdf-annotate.js	2.2.2		93215c80f5f4ada76f9960a82a5d67ee2fa7ce24
org.wildfly.swarm	camel-bindy	2012.12.0		5db48a8c74583b17ff6484d9b7430989dff3e992
org.wildfly.swarm	camel-bindy	2017.10.0		209b8f51f2c0db35e7c859e4b0e6069d5ff76d8d
org.wildfly.swarm	camel-bindy	2017.10.1		8f11c765d15c0ae5ddd9a0001993ff745e850eea
org.wildfly.swarm	camel-bindy	2017.10.2		917fb787f9aaf18a26dfca5a0436ce09f98cd8b4
org.wildfly.swarm	camel-bindy	2017.11.0		27bb80d7c1d66872cef2734d1ebf45572ad30208
org.wildfly.swarm	camel-bindy	2017.12.0		8b7012bedec8cf5d0b9d315d993f1d63c5f0418d
org.wildfly.swarm	camel-bindy	2017.12.1		eedec59ccc86431ad878c69d8bd0ef404ec9d256
org.wildfly.swarm	camel-bindy	2017.5.0		88140a8950ff00572e8d7b164c7b0036246c22a7
org.wildfly.swarm	camel-bindy	2017.6.0		fa81435f138bc16ea386296f30fc56f29740cca2
org.wildfly.swarm	camel-bindy	2017.6.1		7284a83ca643880f9dd02008eb56cb75f252c747
org.wildfly.swarm	camel-bindy	2017.7.0		10a8e8a9a962d99a418be3a83d3fc42eea457371
org.wildfly.swarm	camel-bindy	2017.8.0		9f47aa9c89d25f6eea684fea75928d7fbb42d80d
org.wildfly.swarm	camel-bindy	2017.8.1		c75d789428af691b8b08de4290516ae05e66c1da
org.wildfly.swarm	camel-bindy	2017.9.4		dd1bdf882b8bb0db00c0722a04532227a1c017c8
org.wildfly.swarm	camel-bindy	2017.9.5		a892ddad48904ac8cb203586552c5c8f46c62ad4
org.wildfly.swarm	camel-bindy	2018.1.0		42e9b33fe25e6d6b7e512ac6b6bca75521c361e0
org.wildfly.swarm	camel-bindy	2018.2.0		8e3a564b587fab29ee6706352b35e698a6ed84fc
org.wildfly.swarm	camel-bindy	2018.2.0.Final		e063ffb92ec3b952bab9a3d6c5b0ea0a5f2615e6
org.wildfly.swarm	camel-bindy	2018.3.0		dc804f080c09302cdb34ca36f5db60a92c48d256
org.wildfly.swarm	camel-bindy	2018.3.1		9214bee53115b692d65ceefd39c5e59a2326ff9f
org.wildfly.swarm	camel-bindy	2018.3.2		24f94c6260c7b0736a54b56d6eb039cb625dfbd3
org.wildfly.swarm	camel-bindy	2018.3.3		87be573e811525413038975fc207190ed78eb280
org.wildfly.swarm	camel-bindy	2018.4.0		56c6998abdba5b1b4b87ba221ec3e2bc2d0a9312
org.wildfly.swarm	camel-bindy	2018.4.1		e527d5caffeec7b308977e9781d3c397d6d0671d
org.wildfly.swarm	camel-bindy	2018.5.0		e6cc559379d146ed653217f8a3f8770f94c98ef4
org.wso2.carbon.event-processing	org.wso2.carbon.event.input.adaptor.jms.server.feature	2.0.1		N/A
org.wso2.carbon.event-processing	org.wso2.carbon.event.input.adaptor.jms.server.feature	2.0.2		N/A
org.wso2.carbon.event-processing	org.wso2.carbon.event.input.adaptor.jms.server.feature	2.0.3		N/A
pl.wrzasq.cform	cform-data-appsync-graphqlapi	1.0.2		c95f63c68933166b7d938b74db1a7dfa49cf4b91
pl.wrzasq.cform	cform-data-appsync-graphqlapi	1.0.3		b15579eb2111280c2abf4479ca20c23c4abad6c1
pl.wrzasq.cform	cform-data-appsync-graphqlapi	1.0.4		dfe28875433db0b31c5365631b62008051fc70c5
pl.wrzasq.cform	cform-data-appsync-graphqlapi	1.0.5		8d58f0634665c3f6d4af659468bfa78ca5b27f9a
pl.wrzasq.cform	cform-data-appsync-graphqlapi	1.1.0		749438254db6c88d4b5e74f87b00b9da347596cf
pl.wrzasq.cform	cform-data-appsync-graphqlapi	1.1.1		250b12589ea8dbbced0ca7fdaada5842380f7bce
pl.wrzasq.cform	cform-data-appsync-graphqlapi	1.1.2		3129c781a24408d01eb3f3b314964ef0c0c63944
pl.wrzasq.cform	cform-data-appsync-graphqlapi	1.1.3		61151ca86a2dac92f398bcbfb9db2fa96fefcdcc
pl.wrzasq.cform	cform-data-appsync-graphqlapi	1.1.4		a633e94359ff64e3a89813dbceb8e89cf101e76b
pl.wrzasq.cform	cform-data-appsync-graphqlapi	1.1.5		59c60fd1bd85575995b1b35e6f7fb367123de992
pl.wrzasq.cform	cform-data-appsync-graphqlapi	1.1.6		74dda366dfc0b66498a39cf7cd4d1715fb030e71
pl.wrzasq.cform	cform-data-appsync-graphqlapi	1.1.7		08ca66051bd6ef5dbef5eb070a34d93989857689
pl.wrzasq.cform	cform-data-appsync-graphqlapi	1.1.8		1b4c1c26ea3478e89c0815802d6bdc50f600e3f6
pl.wrzasq.cform	cform-data-appsync-graphqlapi	1.1.9		01b16b57c4b8dce578e9d0939ec5a8b48c58b63d
