ai.ancf.lmos	arc-runner	0.1.1		304142fca16a8e0a67ae0426a53a1dbd3436e09d
ai.ancf.lmos	arc-runner	0.1.5		0311e88f654e3b7d621e393056494f13ad6940ce
ai.ancf.lmos	arc-runner	0.100.0		3d8c70470691e067ca5322ae49c11d0f226ae5a4
ai.ancf.lmos	arc-runner	0.101.0		eba0481711ac6206f4d28f7a4a12fb76dc033ef1
ai.ancf.lmos	arc-runner	0.102.0		d6161f6bfeb82e5691937e6884a97741588cfae8
ai.ancf.lmos	arc-runner	0.103.0		24475c2398449e8c0a827a720753918bb9b7e506
ai.ancf.lmos	arc-runner	0.104.0		4d7c9d02319f389872cc2d5ee0172900a0b6d603
ai.ancf.lmos	arc-runner	0.106.0		f7dd7bf1b0d01fc7d2ce8eff2b58dcbcb1e0e0c1
ai.ancf.lmos	arc-runner	0.107.0		1dc1b29cf073f70af2b2b3a9f52e9684c6472296
ai.ancf.lmos	arc-runner	0.109.0		14b77b696a9c207639c70cad46b32e32a344af6d
ai.ancf.lmos	arc-runner	0.110.0		59b214dbe457dc8a0058f991c4ae0d4f365a4076
ai.ancf.lmos	arc-runner	0.111.0		0226383e2becbe734dd24e68a420841ee1574cdd
ai.ancf.lmos	arc-runner	0.112.0		c7a812de51393867e10d6dfc2f90784948adbc0d
ai.ancf.lmos	arc-runner	0.114.0		6d8c53db414be865d6a655f16e4eacbd382a2589
ai.ancf.lmos	arc-runner	0.115.0		1b09e459e03ee7bd75f24805954cad8e8c8df1d1
ai.ancf.lmos	arc-runner	0.116.0		fcd89d657a73fe1b64144bf993cb562f6a68fbc0
ai.ancf.lmos	arc-runner	0.117.0		abfc596ab5b782d42a9e12fa1604ebf79238aea3
ai.ancf.lmos	arc-runner	0.118.0		b5a6fbc41c3a8e6c7b07add790a5b32e61876214
ai.ancf.lmos	arc-runner	0.119.0		ef5dd44fc3e925cfe214f5351783f5fdcc191590
ai.ancf.lmos	arc-runner	0.120.0		adfd70e4244378a90fe433086408de91dcade4d1
ai.ancf.lmos	arc-runner	0.2.0		2394c02a6deff03cc917f835a822e17f26c10f6e
ai.ancf.lmos	arc-runner	0.73.0		30d420d680cb1937f1867cf52795f21328719dc3
ai.ancf.lmos	arc-runner	0.74.0		0ce4334801a314030890966f504fc78b59566ec3
ai.ancf.lmos	arc-runner	0.75.0		33bd641af4b67154599e79720f55f9de4bd93ba2
ai.ancf.lmos	arc-runner	0.76.0		cce2429ab05ffd54d5885b82b12ce7006d17ec77
ai.ancf.lmos	arc-runner	0.77.0		55982ab99520fa5af11f1dafad19239a78880c33
ai.ancf.lmos	arc-runner	0.78.0		a99420e0769a86cd40514dd9f796b9d1bff17f2f
ai.ancf.lmos	arc-runner	0.79.0		575582c27505dc68e571dbd033210426c57e19c5
ai.ancf.lmos	arc-runner	0.80.0		27afd25c8a4a22f530cb7cca684e3b368fc95177
ai.ancf.lmos	arc-runner	0.81.0		0f804bd1f23ded451547335cd837c17d7eaf2ab6
ai.ancf.lmos	arc-runner	0.82.0		80f713b01ee8d2b9ce005111eccad909a24439d0
ai.ancf.lmos	arc-runner	0.83.0		3a357534b35c144360746ab15aeac1c638b86f45
ai.ancf.lmos	arc-runner	0.84.0		e22c450b44afb8af829f404b25c25a25d82481c8
ai.ancf.lmos	arc-runner	0.85.0		6ec4be7361082c2399fcee90c5d18e0c8b4e63b0
ai.ancf.lmos	arc-runner	0.86.0		0222abfb011dbf72e39b2cddb18aa8701e1f99f7
ai.ancf.lmos	arc-runner	0.87.0		538cdca35f0328c6ebda78fb2ea5bd43b318f62f
ai.ancf.lmos	arc-runner	0.88.0		9fa51c6f5a98e0500378849eecd4a9fe69a8af2c
ai.ancf.lmos	arc-runner	0.89.0		b39d91bc985fb5c942b265598b1f489428af2bd8
ai.ancf.lmos	arc-runner	0.90.0		2ecf5c4d2590479006a3bd781bdaa27893b63a17
ai.ancf.lmos	arc-runner	0.91.0		91f7d87c56017847b6a8d139867c7bd9759c43fc
ai.ancf.lmos	arc-runner	0.92.0		d6fad21d462571242ffab3e2beb51e67f2c6753c
ai.ancf.lmos	arc-runner	0.93.0		f401da89cd35142649e500237ea62e97db0bf6ce
ai.ancf.lmos	arc-runner	0.98.0		56dfe0a41a6a1715d8b4fd3b9edec0d63053a476
ai.ancf.lmos	arc-runner	0.99.0		8d57d3f6af76f5ade1124770becfac66f31c50a2
ai.ancf.lmos	arc-runner	0.99.1		e87e400479d3922fea582f86beeca6542b08aef8
city.smartb.i2	role-f2-update	0.10.0		f2c384920c5e60f9b630d9589c48449272a60a1c
city.smartb.i2	role-f2-update	0.10.1		08488762c32a86b79e1d02bbbfd6053699c59c15
city.smartb.i2	role-f2-update	0.10.2		6e1f822e3d84f0d213717e5e02501eeaa9ec0055
city.smartb.i2	role-f2-update	0.10.3		a0ef19c8b5d9920069b96fb6f5cda52201187524
city.smartb.i2	role-f2-update	0.10.4		fbaf28dd6dcbcc99898fd9951d8fc240d89d2bba
city.smartb.i2	role-f2-update	0.10.5		ff7b4f0c3aa5eb4934a0ba67185b97050ba23a5e
city.smartb.i2	role-f2-update	0.10.5-experimental		aca1959d35807cd8459937ec76d4e129a75ee404
city.smartb.i2	role-f2-update	0.7.0		4addb5f7a6025d2654ef20a6b0fb2336f2cb7943
city.smartb.i2	role-f2-update	0.8.0		c41cca61b8f116ea65c19848b7d77c047c65f197
city.smartb.i2	role-f2-update	0.8.1		b473407c83d9fa2c067a9b64865851d1dc3bb31e
city.smartb.i2	role-f2-update	0.8.2		61f6c4bc88934769b491873af7edb0d9c0d30849
city.smartb.i2	role-f2-update	0.8.3		919ee9e72608eb901e323b6575199e28a141a1d5
city.smartb.i2	role-f2-update	0.9.0		f2be7346e563b2b2ed134dbb5f18a5531f954b46
city.smartb.ssm	ssm-couchdb-spring-boot-starter	0.10.0		60430dfe3d534d3374560b58331b24efa51cc66d
city.smartb.ssm	ssm-couchdb-spring-boot-starter	0.11.0		1d06f492fc6a90c9cb2642159e9a894a8c4cac36
city.smartb.ssm	ssm-couchdb-spring-boot-starter	0.12.0		aa795f33bc221149500037e9443ef5d2ae185c69
city.smartb.ssm	ssm-couchdb-spring-boot-starter	0.13.0		9cb78d8301ad3e0206458671b04f9f77057d4079
city.smartb.ssm	ssm-couchdb-spring-boot-starter	0.14.0		3bd4103af7131aec8ddeb6af662cac585614199f
city.smartb.ssm	ssm-couchdb-spring-boot-starter	0.15.0		567032253011706bb4dd0473adffccdb80e9e275
city.smartb.ssm	ssm-couchdb-spring-boot-starter	0.16.0		9e3517aa4272faefa20f7527984b8d337ed0fb7e
city.smartb.ssm	ssm-couchdb-spring-boot-starter	0.2.1		42e7013a1223ab02dc11441e47b8c11a51d8fc8f
city.smartb.ssm	ssm-couchdb-spring-boot-starter	0.3.1		e10c45b08f71cfb1e070b6fce8a28a8206dcc6f9
city.smartb.ssm	ssm-couchdb-spring-boot-starter	0.4.1		5923bea3059b045abd7b20b6c2ed4be30b1be4bc
city.smartb.ssm	ssm-couchdb-spring-boot-starter	0.5.0		f71ac9d1fbdce37d34644860514799a5ac6dd810
city.smartb.ssm	ssm-couchdb-spring-boot-starter	0.6.0		17d142dc4e4834b9f82b47d2f6bb0460b1704784
city.smartb.ssm	ssm-couchdb-spring-boot-starter	0.7.0		f2f8af75e1dbe803d6755d1da11092a17eb165d1
city.smartb.ssm	ssm-couchdb-spring-boot-starter	0.8.0		324bdc7b9c115a1c28f2f2612398804392699d26
city.smartb.ssm	ssm-couchdb-spring-boot-starter	0.9.0		fb1eb6bb7f1af35b25de089628cd88bc7f8ea599
cloud.caroline	caroline-sdk-admin	0.0.1		997d2d01416969f70eb339b4f5642d9eebd12339
cloud.caroline	caroline-sdk-admin	0.0.1	all	c90cb8c551430948d17a302a3d4736a7943e4ad1
cn.wangdm	account-common	0.0.1		fcd546e912dade9e0f2c09816277a7f6b249ee6e
com.akexorcist.kotlin.multiplatform	dayandnight	1.0.0		526575492708365978aacbcaa3c9e0bcd008def3
com.akexorcist.kotlin.multiplatform	dayandnight	1.0.1		526575492708365978aacbcaa3c9e0bcd008def3
com.chenenyu.router	gradle-plugin	1.7.5		e90caa34d1b29bbf8d257ca2a4966bbbf52fc671
com.chenenyu.router	gradle-plugin	1.7.6		834e2585915640193a339f4b409c622ca6340ffb
com.chenenyu.router	gradle-plugin	1.8.0		f846497cc0718503ccdf436cf5040ad0192bf821
com.chenenyu.router	gradle-plugin	1.8.1		b5915f8483c111ff5112d15e5262890dc7fe21ea
com.chenenyu.router	gradle-plugin	1.8.2		44b09e0b4984dd433872953e1dfc03ff9be2f1b0
com.chenenyu.router	gradle-plugin	1.8.3-beta1		0a4a57bf12ca232a94f542bf9a555d3ebc910e9f
com.commercetools.sdk.jvm.scala-add-ons	commercetools-scala-client_2.10	1.0.0		efb9776f9f69beceadf677506222e0ca41e45402
com.commercetools.sdk.jvm.scala-add-ons	commercetools-scala-client_2.10	1.0.0-RC1		860c3f4e7ddf8419d07f7b72e7c7d86ed59ad0b4
com.commercetools.sdk.jvm.scala-add-ons	commercetools-scala-client_2.10	1.0.0-RC2		6881114229073f026e07c2626d0113e07f58773a
com.commercetools.sdk.jvm.scala-add-ons	commercetools-scala-client_2.10	1.0.0-RC3		c786a178d873c2201f47956889d77045bee48f38
com.cqweh.cloud	cqweh-cloud-gradle	0.0.1		97602f79cb58038dc5c315b217cabbf87fd4f8d1
com.cqweh.cloud	cqweh-cloud-gradle	0.0.2		3ca2c8a99e09843f25070222e1514f93935092fb
com.cqweh.cloud	cqweh-cloud-gradle	0.0.3		7e4187d77a88dd7e6689660b4b4506df321aadd6
com.droidlogix	dbflare-endpoint-core	1.0.0		f16d54c5fcce2bb033c22ae75a408f8719879477
com.droidlogix	dbflare-endpoint-core	1.0.1		e04059ea6d9891b40a595757fac25f88cf7efa44
com.droidlogix	dbflare-endpoint-core	1.0.2		05623a47590493f4656638410d569cebabaccfc2
com.droidlogix	dbflare-endpoint-core	1.0.3		4f94453e9df9163a00799edc2dfde4560a159ae6
com.gitee.archermind-ti	pull-to-make-soup	1.0.0		N/A
com.gitee.archermind-ti	pull-to-make-soup	1.0.0-beta		N/A
com.gitee.archermind-ti	pull-to-make-soup	1.0.0-beta2		N/A
com.github.downgoon	marvin	1.5.5		N/A
com.github.jinahya	cubrid-jdbc-driver-9.3.9.0002	1.0.0		664775924e5fd72992c29d240430287a8ce97b38
com.github.xuwei-k	nobox_native0.3_2.11	0.2.0		19621674ee7b580d6640de3e1a707afbe0aee799
com.github.xuwei-k	nobox_native0.3_2.11	0.3.0		919fc489aaf8140120f79a20cacd9d78c2b29771
com.juul.datadog	datadog-ktor-iossimulatorarm64	0.3.0		N/A
com.juul.datadog	datadog-ktor-iossimulatorarm64	0.3.0	metadata	a552d06a2c57a9b28c5bb944cb42fed503f45653
com.juul.datadog	datadog-ktor-iossimulatorarm64	0.3.1		N/A
com.juul.datadog	datadog-ktor-iossimulatorarm64	0.3.1	metadata	ed083d14360ef590eb11a670c08b2a8cf08b3cef
com.maxkeppeler.sheets-compose-dialogs	info	0.0.1		N/A
com.maxkeppeler.sheets-compose-dialogs	info	1.0.0		N/A
com.maxkeppeler.sheets-compose-dialogs	info	1.0.1		N/A
com.maxkeppeler.sheets-compose-dialogs	info	1.0.2		N/A
com.maxkeppeler.sheets-compose-dialogs	info	1.0.3		N/A
com.maxkeppeler.sheets-compose-dialogs	info	1.0.4		N/A
com.maxkeppeler.sheets-compose-dialogs	info	1.1.0		N/A
com.maxkeppeler.sheets-compose-dialogs	info	1.1.1		N/A
com.maxkeppeler.sheets-compose-dialogs	info	1.2.0		N/A
com.maxkeppeler.sheets-compose-dialogs	info	1.2.1		N/A
com.maxkeppeler.sheets-compose-dialogs	info	1.3.0		N/A
com.mdsol	sbt-asciidoctor_2.12_1.0	0.1		e9a43bfb9c78925156d690357b47714d32633b70
com.mdsol	sbt-asciidoctor_2.12_1.0	0.3		a462bd6be739183993d4af7b15fc3b8606f98b18
com.mdsol	sbt-asciidoctor_2.12_1.0	0.4		a879e68931abb6aa7b692b22d4c1b8b109ad5d18
com.netflix.atlas_v1	atlas-lwcapi_2.12	1.6.7		7a23676e750d5f63e4b8881389732d0dd6113c6d
com.netflix.atlas_v1	atlas-lwcapi_2.12	1.6.7-rc.2		4d4030a33c889fe9cc1be01806a063bc80b3af25
com.openturo.nibel	nibel-stub	0.0.1		e70d1e59ad2ddd9d385ad5c105d8eb88b300a39b
com.openturo.nibel	nibel-stub	1.0.0		01db0d5eb6667b9eb902f9def19aca8a33b7708b
com.openturo.nibel	nibel-stub	1.0.1		6ca887b6511989344678b0b33dc32a04bf27c4b6
com.openturo.nibel	nibel-stub	1.0.2		0c37bbd87e9b00ba26b2ef0e9b60fdced1e23517
com.openturo.nibel	nibel-stub	1.0.3		2cbfc4349846ea3e81d56e61535ed3d59539fb85
com.openturo.nibel	nibel-stub	1.0.4		9f3ecd2b6437f917f27af0ee0f205ffededa83d9
com.osmerion.quitte	quitte-i18n	0.1.0		2b29e143400a6ea75dacf4f5e233ef2c9772903c
com.osmerion.quitte	quitte-i18n	0.2.0		8899340ef93cfd3a139345e810b374d6cc508f18
com.osmerion.quitte	quitte-i18n	0.3.0		af2051ae16fd93beb6aeb1bb6221a262bcaab87b
com.osmerion.quitte	quitte-i18n	0.4.0		744e9890f2fbd3ab659d4ee1a9decdfb32e78dde
com.osmerion.quitte	quitte-i18n	0.5.0		bfa1ae1193011ed4f08f95eec2f0889e97ede8bf
com.osmerion.quitte	quitte-i18n	0.6.0		a8db90dbcb5a0cfc06cd634a4b1e8c8288623c87
com.osmerion.quitte	quitte-i18n	0.6.1		ab5ca187df9459199fe48ab772b4a8110f031b4a
com.osmerion.quitte	quitte-i18n	0.7.0		fd78dd319f87104544ab0f8ce54c3afab9e8b43c
com.osmerion.quitte	quitte-i18n	0.8.0		5ae37705eb097830ec35b5f35e42573c6bab608f
com.peteraraujo.articapi	articapi-client-linuxarm64	1.0.0		N/A
com.peteraraujo.articapi	articapi-client-linuxarm64	1.0.1		N/A
com.sap.cloud.spring.boot	spring-boot-service-connector-managed-hana	1.10.0		e25c377265381e8faf57a563b6ccbe5b7e3d93ea
com.sap.cloud.spring.boot	spring-boot-service-connector-managed-hana	1.10.2		1f1edf2c439ea9b55d85dec072d9ba3eba801fcf
com.sap.cloud.spring.boot	spring-boot-service-connector-managed-hana	1.10.3		fed7239734a0042f381197119f7e06e1f93ef557
com.sap.cloud.spring.boot	spring-boot-service-connector-managed-hana	1.10.4		6ca54f78e4ce79c77ba4a49ec8ae3c694d026ade
com.sap.cloud.spring.boot	spring-boot-service-connector-managed-hana	1.10.5		844496968a3b1fe9362d5d91138be6c22313ba03
com.sap.cloud.spring.boot	spring-boot-service-connector-managed-hana	1.11.0		306fd0dd8edade8f0cbc90bed5813671a36be82b
com.sap.cloud.spring.boot	spring-boot-service-connector-managed-hana	1.11.1		ba283d3333732f25cf5f44360bfc679a63685630
com.sap.cloud.spring.boot	spring-boot-service-connector-managed-hana	1.11.2		10a97ffde4ddaa2d688512882064f7eafca549b9
com.sap.cloud.spring.boot	spring-boot-service-connector-managed-hana	1.12.0		37b06d0da09274b309f9f341a3315fa7d28b8e1e
com.sap.cloud.spring.boot	spring-boot-service-connector-managed-hana	1.13.0		b157fff97ce1d8671308afdf3394dcbebdcb3930
com.sap.cloud.spring.boot	spring-boot-service-connector-managed-hana	1.14.0		dfbc767a1d272e57fab14a609135460d589f8789
com.sap.cloud.spring.boot	spring-boot-service-connector-managed-hana	1.14.1		ab37d8f857722c5ecfee0e34807f0b84cf9b0be9
com.sap.cloud.spring.boot	spring-boot-service-connector-managed-hana	1.15.0		3c626104450d866a6203e21e5960c5ba52d6838f
com.sap.cloud.spring.boot	spring-boot-service-connector-managed-hana	1.16.0		8ed6933fa413063ecdfb11c68f119dffada686f0
com.sap.cloud.spring.boot	spring-boot-service-connector-managed-hana	1.17.0		65e9472179a9cc59b7876eb2c137cf00c0caeb84
com.sap.cloud.spring.boot	spring-boot-service-connector-managed-hana	1.18.0		217f5dfd87e4a63ebc667ee3fe93fb82fe4f2023
com.sap.cloud.spring.boot	spring-boot-service-connector-managed-hana	1.18.1		ca0a5ffbeb0c4ef33cd4d677c4df5faa933dab05
com.sap.cloud.spring.boot	spring-boot-service-connector-managed-hana	1.19.0		5a96cff244fec92648ee5c72a1a7b577067e54ef
com.sap.cloud.spring.boot	spring-boot-service-connector-managed-hana	1.19.1		1e5abc8a33f1bae92b6788dded42eda7131935e0
com.sap.cloud.spring.boot	spring-boot-service-connector-managed-hana	1.20.0		aa8f7fc7ccfc81e49889600d3e22efda41ca0511
com.sap.cloud.spring.boot	spring-boot-service-connector-managed-hana	1.20.1		c3917e6e83d432d4bbc737340ea8d40b20adc7dc
com.sap.cloud.spring.boot	spring-boot-service-connector-managed-hana	1.20.2		999a78505a910f03b34bd0dc801cd7e9d5b2ef76
com.sap.cloud.spring.boot	spring-boot-service-connector-managed-hana	1.21.0		6dcaa4a8486d31d05a81b475599f3a400b570318
com.sap.cloud.spring.boot	spring-boot-service-connector-managed-hana	1.21.3		1ddb97f40832bf08914bbe3bdfeb8bcd88bb3989
com.sap.cloud.spring.boot	spring-boot-service-connector-managed-hana	1.21.4		1702ec1fa365ba5253bf34b63a3da422a6fae76e
com.sap.cloud.spring.boot	spring-boot-service-connector-managed-hana	1.21.5		23388b1175e7bb3c423cbbb537ae161a94f3be4f
com.sap.cloud.spring.boot	spring-boot-service-connector-managed-hana	1.22.0		5c5c8578e8bb22b2b7a3d2ba52da34283ac41efa
com.sap.cloud.spring.boot	spring-boot-service-connector-managed-hana	1.22.1		77af47ba3403d6588b40007df697f441eeeeee2e
com.sap.cloud.spring.boot	spring-boot-service-connector-managed-hana	1.23.0		5947e8c120e73c068755c640560e36ce6267d028
com.sap.cloud.spring.boot	spring-boot-service-connector-managed-hana	1.4.2		26d852a6aaf96104aeffef734532c46ee60872bc
com.sap.cloud.spring.boot	spring-boot-service-connector-managed-hana	1.5.4		b6d869e50559767feb491a1793c3550aa18f5a8f
com.sap.cloud.spring.boot	spring-boot-service-connector-managed-hana	1.5.6		8a9a1a0790208ec95793e0c1a6c91a489ab59d34
com.sap.cloud.spring.boot	spring-boot-service-connector-managed-hana	1.5.8		d826d9ad0f72660789d1ad726f05dea2876a89a7
com.sap.cloud.spring.boot	spring-boot-service-connector-managed-hana	1.6.0		d2534416ea19367ccab8ad476c800ad16e9be025
com.sap.cloud.spring.boot	spring-boot-service-connector-managed-hana	1.6.2		cf3c4e2b29ba6fdf5f6bb0c4df3ef78c82ba90af
com.sap.cloud.spring.boot	spring-boot-service-connector-managed-hana	1.6.5		a9d36d1170638cb04d7e4bd908156d58e2365ce6
com.sap.cloud.spring.boot	spring-boot-service-connector-managed-hana	1.7.0		e29c40377eae05a0879b1b7baf8e31e330e84c88
com.sap.cloud.spring.boot	spring-boot-service-connector-managed-hana	1.8.0		c68a44c5ca224c977e0d700d7419c44e1c878791
com.sap.cloud.spring.boot	spring-boot-service-connector-managed-hana	1.9.0		6ba69624ba43ee1ba8b24b7c94ff9e3a4caf1f72
com.sap.cloud.spring.boot	spring-boot-service-connector-managed-hana	1.9.2		e9da5cda15dd375cf127f849c9dc5770da857003
com.sindicetech.siren	siren-elasticsearch	1.3		566d9e6c407e59f50afbb26cb69224f0daac5b0e
com.sindicetech.siren	siren-elasticsearch	1.4		b3e0f876a36b0adbd94ec3c3b55c791695cf5d66
com.tencent.tinker	tinker-android-lib-no-op	1.9.14.10		N/A
com.tencent.tinker	tinker-android-lib-no-op	1.9.14.11		N/A
com.tencent.tinker	tinker-android-lib-no-op	1.9.14.12		N/A
com.tencent.tinker	tinker-android-lib-no-op	1.9.14.13		N/A
com.tencent.tinker	tinker-android-lib-no-op	1.9.14.14		N/A
com.tencent.tinker	tinker-android-lib-no-op	1.9.14.15		N/A
com.tencent.tinker	tinker-android-lib-no-op	1.9.14.16		N/A
com.tencent.tinker	tinker-android-lib-no-op	1.9.14.17		N/A
com.tencent.tinker	tinker-android-lib-no-op	1.9.14.18		N/A
com.tencent.tinker	tinker-android-lib-no-op	1.9.14.19		N/A
com.tencent.tinker	tinker-android-lib-no-op	1.9.14.20		N/A
com.tencent.tinker	tinker-android-lib-no-op	1.9.14.21		N/A
com.tencent.tinker	tinker-android-lib-no-op	1.9.14.22		N/A
com.tencent.tinker	tinker-android-lib-no-op	1.9.14.23		N/A
com.tencent.tinker	tinker-android-lib-no-op	1.9.14.23.1		N/A
com.tencent.tinker	tinker-android-lib-no-op	1.9.14.24		N/A
com.tencent.tinker	tinker-android-lib-no-op	1.9.14.25		N/A
com.tencent.tinker	tinker-android-lib-no-op	1.9.14.25.1		N/A
com.tencent.tinker	tinker-android-lib-no-op	1.9.14.25.2		N/A
com.tencent.tinker	tinker-android-lib-no-op	1.9.14.25.3		N/A
com.tencent.tinker	tinker-android-lib-no-op	1.9.14.26		N/A
com.tencent.tinker	tinker-android-lib-no-op	1.9.14.26.3		N/A
com.tencent.tinker	tinker-android-lib-no-op	1.9.14.27		N/A
com.tencent.tinker	tinker-android-lib-no-op	1.9.14.5		N/A
com.tencent.tinker	tinker-android-lib-no-op	1.9.14.6		N/A
com.tencent.tinker	tinker-android-lib-no-op	1.9.14.7		N/A
com.tencent.tinker	tinker-android-lib-no-op	1.9.14.8		N/A
com.tencent.tinker	tinker-android-lib-no-op	1.9.14.9		N/A
com.tencent.tinker	tinker-android-lib-no-op	1.9.15		N/A
com.tencent.tinker	tinker-android-lib-no-op	1.9.15.1		N/A
com.trueaccord.scalapb	scalapb-runtime_2.10	0.1		bffa90b7c7205d6ee1402d72d2b045db998797c8
com.trueaccord.scalapb	scalapb-runtime_2.10	0.2		6f4c0ac055c0c9296dcdc2c9b7aaf400ab5bce91
com.trueaccord.scalapb	scalapb-runtime_2.10	0.2.1		4c5ba38e4a523e8c4d9f6de97d50df324d95a8f2
com.trueaccord.scalapb	scalapb-runtime_2.10	0.3.0		f185af83838401a628e97e35c5b21585d1a230c7
com.trueaccord.scalapb	scalapb-runtime_2.10	0.3.1		157c7980afd84d54e2917e32702019003bff8198
com.trueaccord.scalapb	scalapb-runtime_2.10	0.3.2		7489dbfecb78092e62062313449314259f2a00e7
com.trueaccord.scalapb	scalapb-runtime_2.10	0.3.3		9d0e490aa28c0ee99188fd77e0ea89a0d577704c
com.trueaccord.scalapb	scalapb-runtime_2.10	0.3.4		018b8d63513af9e75d609317e3ae38b54e949cb7
com.trueaccord.scalapb	scalapb-runtime_2.10	0.4.0		afb38b46c885b22f98cf720ccbcca280ba621e22
com.trueaccord.scalapb	scalapb-runtime_2.10	0.4.1		b67af43e1a9462e520ee9ffc8bebcb7f766f5ef2
com.trueaccord.scalapb	scalapb-runtime_2.10	0.4.10		827d1aaf5f88244d0f3a2ed1629fefa3de969c04
com.trueaccord.scalapb	scalapb-runtime_2.10	0.4.11		93621e555e10e38216c369ad9ad51d167b94e34a
com.trueaccord.scalapb	scalapb-runtime_2.10	0.4.12		24afec2015a10a9dce17bda6a40922fde84cbaae
com.trueaccord.scalapb	scalapb-runtime_2.10	0.4.13		269c658d9af9b38666c311eba8953638e5441ac3
com.trueaccord.scalapb	scalapb-runtime_2.10	0.4.14		9a0e9afacc83809171d920b8cca1b9f67d873ec3
com.trueaccord.scalapb	scalapb-runtime_2.10	0.4.15		00565241f7a8d5f8f03a0e2d43a319be9b6a7b0a
com.trueaccord.scalapb	scalapb-runtime_2.10	0.4.16		4f0d1d5509976e8b30919f7165a18d884e357baa
com.trueaccord.scalapb	scalapb-runtime_2.10	0.4.17		d72e26063f760e01d2b0abdf3840844cfc7738b4
com.trueaccord.scalapb	scalapb-runtime_2.10	0.4.18		f4e805be332dfbe0f0676aa402d8b9f72d6273b5
com.trueaccord.scalapb	scalapb-runtime_2.10	0.4.19		084e8e52ed6e07acaf4f4cffba9444958a942c42
com.trueaccord.scalapb	scalapb-runtime_2.10	0.4.2		73a63898fb3bfa053a73f65cd8f15c5d1bc712e7
com.trueaccord.scalapb	scalapb-runtime_2.10	0.4.20		6f562685380cc4aab4909e5bfd73a64cbf899690
com.trueaccord.scalapb	scalapb-runtime_2.10	0.4.21		ee463824ce4e90d5cc0a2a5ee6d1aebc35c3d702
com.trueaccord.scalapb	scalapb-runtime_2.10	0.4.3		31698e1f5bc2b691a0845b1620a35c4e91732131
com.trueaccord.scalapb	scalapb-runtime_2.10	0.4.4		eea68b3622eb26406e01d4c801b68c0b3fdab567
com.trueaccord.scalapb	scalapb-runtime_2.10	0.4.45-p1		28a828215727e5e231e48da837ebc8e8b9d9b0a9
com.trueaccord.scalapb	scalapb-runtime_2.10	0.4.5		7a3d7ca1c5ca85eeb284d8bee7d790e0449432ab
com.trueaccord.scalapb	scalapb-runtime_2.10	0.4.6		b2c7ed1a0b73e386e621fe6d8d8bf6be9f2a97cf
com.trueaccord.scalapb	scalapb-runtime_2.10	0.4.7		8c994eb3d71877ff3e03b2239974d52b75e579d9
com.trueaccord.scalapb	scalapb-runtime_2.10	0.4.8		cc35f8d39242b448f80977ac8bff4b53f59eeecb
com.trueaccord.scalapb	scalapb-runtime_2.10	0.4.9		358740e10052144b50a24ffade40abfc6b1b3ca4
com.trueaccord.scalapb	scalapb-runtime_2.10	0.5.0		16c2a9330f0168adfd47dd9db21255900b4b2ec6
com.trueaccord.scalapb	scalapb-runtime_2.10	0.5.1		c96058d247c9ef3b757353972821ed617b30eab3
com.trueaccord.scalapb	scalapb-runtime_2.10	0.5.10		1db5453b4ae92bdcb49015c8e2f03b93cbc9e8b3
com.trueaccord.scalapb	scalapb-runtime_2.10	0.5.11		2ff1a05f75c34f3fcfd56cbcd0d10e30833252a6
com.trueaccord.scalapb	scalapb-runtime_2.10	0.5.12		5834f8cfcdbe137060bfb7acdf560413a18fc569
com.trueaccord.scalapb	scalapb-runtime_2.10	0.5.13		3141145239acefcbcc7f78e4bf2527ab38878e68
com.trueaccord.scalapb	scalapb-runtime_2.10	0.5.14		1d9a694528e339a6754d8741553f735f71c7c789
com.trueaccord.scalapb	scalapb-runtime_2.10	0.5.15		e746f1f412d1634d037f9948a644fe0028da5418
com.trueaccord.scalapb	scalapb-runtime_2.10	0.5.16		f55fb00bb3cb638a55412971dfd4ad51ce76053a
com.trueaccord.scalapb	scalapb-runtime_2.10	0.5.17		9ed2bae86865e5c1839d0272ae4db3cb3a0b3c60
com.trueaccord.scalapb	scalapb-runtime_2.10	0.5.18		40ef20b8c585adf78caadfd176c7d1923049357e
com.trueaccord.scalapb	scalapb-runtime_2.10	0.5.19		97646d1e1d0101a4edc3b201e8c91f4638da264d
com.trueaccord.scalapb	scalapb-runtime_2.10	0.5.21		f682ded5e760d8fb5575d69dba2fb97d4e9c2187
com.trueaccord.scalapb	scalapb-runtime_2.10	0.5.22		07ee6e1b4d08b23b2b6c8b96c46c496de7229cf5
com.trueaccord.scalapb	scalapb-runtime_2.10	0.5.23		cfc80ba11ea9c3ab56771d31330b564b96075118
com.trueaccord.scalapb	scalapb-runtime_2.10	0.5.24		285bbfe16eb622130dfd046fbcbe4084f9784db8
com.trueaccord.scalapb	scalapb-runtime_2.10	0.5.25		51719cdc81858713e9b78aa655e828013fafbf81
com.trueaccord.scalapb	scalapb-runtime_2.10	0.5.26		2f26e03337effcc7c7b984626bd26f9b58df0b15
com.trueaccord.scalapb	scalapb-runtime_2.10	0.5.27		2589ae6951681fc6e5de245f5ac2d28d2e96fcc2
com.trueaccord.scalapb	scalapb-runtime_2.10	0.5.28		6683d22a3201239001ac03d3ea09c3ad09f6cbd9
com.trueaccord.scalapb	scalapb-runtime_2.10	0.5.29		7c347ab86190e51a9da352dfaf6bea1f4c8df78d
com.trueaccord.scalapb	scalapb-runtime_2.10	0.5.30		32a188de5092c437553b7a56b871398d4eb96baa
com.trueaccord.scalapb	scalapb-runtime_2.10	0.5.31		f1eba109899680660b3cd9fdb04f2b4303957be1
com.trueaccord.scalapb	scalapb-runtime_2.10	0.5.32		be71433be94faa0968f0a104d4a3a0e3bebb7909
com.trueaccord.scalapb	scalapb-runtime_2.10	0.5.33		e5041ba829c1484098586938423182bc1a23b69f
com.trueaccord.scalapb	scalapb-runtime_2.10	0.5.34		861b0c256713b062279e6f29dba3e8229ef1dd9b
com.trueaccord.scalapb	scalapb-runtime_2.10	0.5.35		8e26408210251548a44b420f66ae888811f1bdf2
com.trueaccord.scalapb	scalapb-runtime_2.10	0.5.37		9148441690c13f77a7e2119246ac900abc7811b5
com.trueaccord.scalapb	scalapb-runtime_2.10	0.5.38		a4c39cc2a9c51eaa889f90733accc000d21a4952
com.trueaccord.scalapb	scalapb-runtime_2.10	0.5.39		95608cefc11ee538dacb57227ecaa111837a0263
com.trueaccord.scalapb	scalapb-runtime_2.10	0.5.40		e63be05720bdb02e306f2d84002ff08ce6e7c72f
com.trueaccord.scalapb	scalapb-runtime_2.10	0.5.41		4f5d128fc08668466625fee784515f28f3c7e1e3
com.trueaccord.scalapb	scalapb-runtime_2.10	0.5.42		40c057b8e52cf0a051043ef4f4aa036f9460b608
com.trueaccord.scalapb	scalapb-runtime_2.10	0.5.43		de896d7544ff07e4822522de0a581808d60d703c
com.trueaccord.scalapb	scalapb-runtime_2.10	0.5.44		3e8d15985fb391a536d04622350b5e9924fd0127
com.trueaccord.scalapb	scalapb-runtime_2.10	0.5.45		1c51f82e79c398f9d7eabb05a98d0ff42662f3ad
com.trueaccord.scalapb	scalapb-runtime_2.10	0.5.45-p1		6dda9f354116dd85a94df84cba174c389686cb62
com.trueaccord.scalapb	scalapb-runtime_2.10	0.5.45-p2		6296f3429ab6543bf476595073fca067ee12eee3
com.trueaccord.scalapb	scalapb-runtime_2.10	0.5.45-p3		17375dc3eb7c6c02911cfa16c1465201917bc65b
com.trueaccord.scalapb	scalapb-runtime_2.10	0.5.46		4810e09c399eb4ada3672b6bc8c765f78ed1abf6
com.trueaccord.scalapb	scalapb-runtime_2.10	0.5.47		269b528b44f70e2dce8d13ed17fe82bfb7a9aa12
com.trueaccord.scalapb	scalapb-runtime_2.10	0.5.48		516c5d3687f4025787b2818781dc93b30244d44a
com.trueaccord.scalapb	scalapb-runtime_2.10	0.5.5		cc86c334f105bdc4998cdb8f76021ea179e31df2
com.trueaccord.scalapb	scalapb-runtime_2.10	0.5.6		cf743ce9d04b3f7811888a4d8d5ff43d41d4f9a4
com.trueaccord.scalapb	scalapb-runtime_2.10	0.5.7		81f17d7f2309401a8a79d8eab8e437fb31fbc8eb
com.trueaccord.scalapb	scalapb-runtime_2.10	0.5.8		2e9206d298dd154f67133c724a614b92b1ee13d6
com.trueaccord.scalapb	scalapb-runtime_2.10	0.5.9		154642ad944c6711ac01afd7d86dde34b3601e07
com.trueaccord.scalapb	scalapb-runtime_2.10	0.6.0		d4a969177ac9c1512cc9a554f88c3e2363dded98
com.trueaccord.scalapb	scalapb-runtime_2.10	0.6.0-pre1		2e681450bc68c04207a0fdd07f271b468a0c66f1
com.trueaccord.scalapb	scalapb-runtime_2.10	0.6.0-pre2		2d4bbeebe4294ee1414cd18fa2aaa8a1dd3fe22d
com.trueaccord.scalapb	scalapb-runtime_2.10	0.6.0-pre3		95004413a420fbb5794bd9c6869807ee32ea4803
com.trueaccord.scalapb	scalapb-runtime_2.10	0.6.0-pre4		4209079754766fdb3dfabb145fde72a029f9a377
com.trueaccord.scalapb	scalapb-runtime_2.10	0.6.0-pre5		e7c64d52ed6579914f324ff22bed438fe6ffdf10
com.trueaccord.scalapb	scalapb-runtime_2.10	0.6.1		8085a3b524026fc64bd5195cb78f673e4faa1260
com.trueaccord.scalapb	scalapb-runtime_2.10	0.6.2		26bb3beb279dec8dc424ca1d28a4ac47dc4f5189
com.trueaccord.scalapb	scalapb-runtime_2.10	0.6.3		bf4f22e51dce68315c68e548b96bda9b5beb4144
com.trueaccord.scalapb	scalapb-runtime_2.10	0.6.4		62fc89a9f0b2880311797dbb522da781a6466e17
com.trueaccord.scalapb	scalapb-runtime_2.10	0.6.5		3a2f8c7f4e54e70540282af9ef6b7951ec668cd7
com.trueaccord.scalapb	scalapb-runtime_2.10	0.6.6		f0f05c645de00a89b81a0363d6e88eaf4c9dd2a5
com.trueaccord.scalapb	scalapb-runtime_2.10	0.6.7		d23dd778429b105c297140fe4cd4ded8a77e6495
de.sciss	pdflitz_3.0.0-RC1	1.5.0		5fa1f011f7712b8183e1ab7a8096ac26dcdab403
de.skuzzle.tinyplugz	tiny-plugz	0.1.0		5b720c1445cd48f92722a00d37cef4890292ea81
de.skuzzle.tinyplugz	tiny-plugz	0.2.0		9c17f3d195aa75e3ca252f49c0f53bedc33eefc4
de.skuzzle.tinyplugz	tiny-plugz	0.3.0		ec68e96d88af88b3d0fc22bbc2d0bd83421aa3f4
de.sormuras.mainrunner	de.sormuras.mainrunner.engine	2-ea		b0cafa4942c3912ea43e072df9eea7e4379c6384
de.sormuras.mainrunner	de.sormuras.mainrunner.engine	2.0.1		b7787b753103fbcc44294bd0f35937050dd5c7f9
de.sormuras.mainrunner	de.sormuras.mainrunner.engine	2.0.2		69cab0ff75f2b0c81218c0ba99acf242fb40f14a
de.sormuras.mainrunner	de.sormuras.mainrunner.engine	2.0.3		5a327f12d45b0d9e9339aa2178ba2b479b4283ac
de.sormuras.mainrunner	de.sormuras.mainrunner.engine	2.0.4		bad5ceb87971ea41508ecfd364f933b1011d4786
de.sormuras.mainrunner	de.sormuras.mainrunner.engine	2.0.5		f40d67727006d9544f25ee29e2e18edf54708ca6
de.sormuras.mainrunner	de.sormuras.mainrunner.engine	2.1		ae7be2880e27e75f1c9e716492170bf507e47fcf
de.sormuras.mainrunner	de.sormuras.mainrunner.engine	2.1.1		eff49aa2c247431058bc65ca7175c4aff8adb0a4
de.sormuras.mainrunner	de.sormuras.mainrunner.engine	2.1.2		071a2fd116b03dfe9765240853564a16de0d5165
de.sormuras.mainrunner	de.sormuras.mainrunner.engine	2.1.3		5bfa10f2df1843604defcfb3d329a91e6a820c84
de.sormuras.mainrunner	de.sormuras.mainrunner.engine	2.1.4		6682ddaedb804cb4fc69a0769614b24934c764e1
de.sormuras.mainrunner	de.sormuras.mainrunner.engine	2.1.5		3c9e5698ae1694ef6eb88e677b7cc17a202a93de
io.ap4k	ap4k-core	0.1.0		d8f83ec60a07f94998dc9f15c0362b9e8af60678
io.ap4k	ap4k-core	0.1.1		bc3d8cf4716b1f8b9e57849c497d01ac4d987936
io.ap4k	ap4k-core	0.1.2		b444438c92a49d25315bc40f0d83f83644dbaf66
io.ap4k	ap4k-core	0.1.3		4a1d227ac9f62ad4e244cc8a18ac2c4e09716fec
io.ap4k	ap4k-core	0.1.4		5e939964971d7665bc02afd19676e452fc579ef8
io.ap4k	ap4k-core	0.1.5		ee604c72a55eb93f4eae54f2edeac30d2c584dbd
io.ap4k	ap4k-core	0.1.6		6eb6fae09b5167e939c49ae409c500c755e95cea
io.ap4k	ap4k-core	0.2.0		431ad71ef62483373c8518965445f605a4d14168
io.ap4k	ap4k-core	0.2.1		5e974f3e3a93479af5c9db28771535d49959c459
io.ap4k	ap4k-core	0.2.2		3b6e13aeaf2951d467f1e4954c642c2b3e4f4299
io.ap4k	ap4k-core	0.2.3		3ba1cb5fd8c47a9569822e4ebc8a0b2bd3d35ee5
io.ap4k	ap4k-core	0.3.0		2373ef7f0355c91ab59bed2c9417fd5be8fc2268
io.ap4k	ap4k-core	0.3.1		3c1e46704b6ca714d7ad98d105f4c9304de7be88
io.ap4k	ap4k-core	0.3.2		78821161e46480d5aab50a42424a7ef28761899d
io.ap4k	ap4k-core	0.3.3		9bb642862dae8480061b4851faa6d95beaa0c370
io.ap4k	ap4k-core	0.3.4		c5298a4d85ef2ce51b6ab3da64eda3974de037f9
io.ap4k	ap4k-core	0.3.5		36f19303e5ce85ab3be138348d56a505b6f10f47
io.ap4k	ap4k-core	0.4.0		af258976948982f01eb6e81e4728b03dfcec97d7
io.ap4k	ap4k-core	0.4.1		7a35f5fd0849f737543015b3a5fdd83813964150
io.ap4k	ap4k-core	0.4.2		98fd4457734661672e46ff462809a5917a144f46
io.ap4k	ap4k-core	0.4.3		94bf820ef64530334d453822f0bd2ca28b419b68
io.ap4k	ap4k-core	0.4.4		18ec7aa4cbd9daa0a70b1482635bb8f354876906
io.ap4k	ap4k-core	0.5.0		ab91ab7ff1652c6bb062ca3a9c6bedca70b3950c
io.fluidsonic.graphql	fluid-graphql-iosarm32	0.10.0		N/A
io.fluidsonic.graphql	fluid-graphql-iosarm32	0.10.0	metadata	59f9cc4376c149046dee4accbab874cd00586d25
io.fluidsonic.graphql	fluid-graphql-iosarm32	0.10.1		N/A
io.fluidsonic.graphql	fluid-graphql-iosarm32	0.10.1	metadata	ba04da8570929cca9954ef0ccdb9d0393aa159f9
io.fluidsonic.graphql	fluid-graphql-iosarm32	0.11.0		N/A
io.fluidsonic.graphql	fluid-graphql-iosarm32	0.11.0	metadata	517449cae7715e3de70775caae11a880d64aa137
io.fluidsonic.graphql	fluid-graphql-iosarm32	0.11.1		N/A
io.fluidsonic.graphql	fluid-graphql-iosarm32	0.11.1	metadata	005c8ea52d4c6c50f7177a39bc4ea81a1d3e756a
io.fluidsonic.graphql	fluid-graphql-iosarm32	0.12.0		N/A
io.fluidsonic.graphql	fluid-graphql-iosarm32	0.12.0	metadata	bbe31c4a50c6e54927f2d6c89acb3c4fc6c7a7d2
io.fluidsonic.graphql	fluid-graphql-iosarm32	0.13.0		N/A
io.fluidsonic.graphql	fluid-graphql-iosarm32	0.13.0	metadata	e8b27a5919fdc5c00f42fe61ee34021304b72894
io.fluidsonic.graphql	fluid-graphql-iosarm32	0.14.0		N/A
io.fluidsonic.graphql	fluid-graphql-iosarm32	0.14.0	metadata	5cb0bae2d14ad5a9ed4061901ab98109ff475eaf
io.fluidsonic.graphql	fluid-graphql-iosarm32	0.15.0		N/A
io.fluidsonic.graphql	fluid-graphql-iosarm32	0.15.0	metadata	d53dd8bd999ca4fa1a191992dfe05f0635362837
io.fluidsonic.graphql	fluid-graphql-iosarm32	0.9.7		N/A
io.fluidsonic.graphql	fluid-graphql-iosarm32	0.9.7	metadata	c1b93fbfabf452c4ed5b377b82eadbc114054699
io.fluidsonic.graphql	fluid-graphql-iosarm32	0.9.8		N/A
io.fluidsonic.graphql	fluid-graphql-iosarm32	0.9.8	metadata	55f9b5ef9e3081b8248d1a7cd857d43e8ce6bcdb
io.github.dellisd.spatialk	turf-jvm	0.1.1		fb7169a8f2bd2999724afa6463e4273fe5cf0313
io.github.dellisd.spatialk	turf-jvm	0.2.0		db3146e6d7fb6482a1b96f369823a01329af2fbc
io.github.dellisd.spatialk	turf-jvm	0.2.1		78119d6a225cc10ee7c9d116f2e224cde4eb1f1a
io.github.dellisd.spatialk	turf-jvm	0.3.0		708f933771e473c33e61c9f1491ecb6d3945ba23
io.github.jimmy-j	idcard-otg	1.0.0		d06f43029b156f2ad76804061d783c7d9fb731ca
io.github.jimmy-j	idcard-otg	2.0.0		2c7fca4b41bba96dbcb4fcd369351c4683e79c4e
io.github.magonxesp	criteria-core	0.0.0		b94fe605ea8ff0f68f3feab065ae0b7d67860964
io.github.magonxesp	criteria-core	0.0.1		b94fe605ea8ff0f68f3feab065ae0b7d67860964
io.github.magonxesp	criteria-core	0.0.2		b94fe605ea8ff0f68f3feab065ae0b7d67860964
io.github.magonxesp	criteria-core	0.0.3		b94fe605ea8ff0f68f3feab065ae0b7d67860964
io.github.magonxesp	criteria-core	0.0.4		b94fe605ea8ff0f68f3feab065ae0b7d67860964
io.github.magonxesp	criteria-core	0.0.5		83c0b2a7c65f2bae5fd380406f0c909815364d67
io.github.magonxesp	criteria-core	0.1.0		83c0b2a7c65f2bae5fd380406f0c909815364d67
io.github.magonxesp	criteria-core	0.1.1		83c0b2a7c65f2bae5fd380406f0c909815364d67
io.github.magonxesp	criteria-core	0.2.5		83c0b2a7c65f2bae5fd380406f0c909815364d67
io.github.magonxesp	criteria-core	0.2.8		83c0b2a7c65f2bae5fd380406f0c909815364d67
io.github.magonxesp	criteria-core	0.3.0		83c0b2a7c65f2bae5fd380406f0c909815364d67
io.github.magonxesp	criteria-core	0.4.0		83c0b2a7c65f2bae5fd380406f0c909815364d67
io.github.magonxesp	criteria-core	0.4.1		83c0b2a7c65f2bae5fd380406f0c909815364d67
io.github.magonxesp	criteria-core	1.0.0		83c0b2a7c65f2bae5fd380406f0c909815364d67
io.github.magonxesp	criteria-core	1.1.1		83c0b2a7c65f2bae5fd380406f0c909815364d67
io.github.magonxesp	criteria-core	1.2.0		83c0b2a7c65f2bae5fd380406f0c909815364d67
io.github.magonxesp	criteria-core	1.3.0		83c0b2a7c65f2bae5fd380406f0c909815364d67
io.github.magonxesp	criteria-core	main		83c0b2a7c65f2bae5fd380406f0c909815364d67
io.github.qsy7.java.modules.print	modules	0.1.0		N/A
io.github.qsy7.java.modules.print	modules	0.1.2		N/A
io.github.qsy7.java.modules.print	modules	0.3.1		N/A
io.github.qsy7.java.modules.print	modules	0.3.2		N/A
io.github.qsy7.java.modules.print	modules	0.3.3		N/A
io.github.qsy7.java.modules.print	modules	0.3.4		N/A
io.github.scala-hamsters	root_2.11	1.4.0		73286c5119ba121bd8243453e20692946de8361b
io.github.scala-hamsters	root_2.11	1.4.1		4731aede1db4475ed6f532e0ca70e0b2b02bce6d
io.github.scala-hamsters	root_2.11	1.5.0		6de0e8dc7ec2ce74eb3955dc73ebfd648dfb6af0
io.github.scala-hamsters	root_2.11	1.5.1		9af8d0a4478c6dc312455336c9ea8cd1670ed17d
io.github.scala-hamsters	root_2.11	1.5.2		b737f5699dc3b26987e4c0e07e7dbf5fb8a99588
io.github.scala-hamsters	root_2.11	2.0.0		4373778d63082d16fb55e7a6f749250fc95633df
io.github.scala-hamsters	root_2.11	2.0.1		67b0eb27841cecff089dfbea5141b6fa74500176
io.github.scala-hamsters	root_2.11	2.1.0		6ff7a63de37b547ec692da0174edf0ed4774d949
io.github.scala-hamsters	root_2.11	2.1.1		6bb3095e362ca92798833fac606275451909b57f
io.github.scala-hamsters	root_2.11	2.1.2		d033b32e43fffda8ca085892d98d5d9676abd4db
io.github.sintrastes	library-iosarm64	0.1		N/A
io.github.sintrastes	library-iosarm64	0.1	metadata	348c6208f80fc2502e2673c8f6d1cbb0551bd2da
io.github.theborakompanioni	bitcoin-zeromq-client-starter	0.1.0		20ba4a72709241899cf097dbd5e5ed7879698217
io.github.theborakompanioni	bitcoin-zeromq-client-starter	0.10.0		2a32b469e212e65eb94140b68655910b84e5942d
io.github.theborakompanioni	bitcoin-zeromq-client-starter	0.11.0		9a10ef4f04b185f90d284c99802360106f47bf13
io.github.theborakompanioni	bitcoin-zeromq-client-starter	0.12.0		b171b57e16935037c82ca5b35b3d1a4db9d512fd
io.github.theborakompanioni	bitcoin-zeromq-client-starter	0.13.0		289f832301ae10c7d45887f7aeb0f9262adbf61f
io.github.theborakompanioni	bitcoin-zeromq-client-starter	0.14.0		230f3be23fbdc3945981ab093a22e31a8b932008
io.github.theborakompanioni	bitcoin-zeromq-client-starter	0.15.0		c2df45709ddc80c72873fe6ed3f116327cdf4e3b
io.github.theborakompanioni	bitcoin-zeromq-client-starter	0.16.0		5e6ce8f016eb8a9ce20d13dd58ef937ad4158a70
io.github.theborakompanioni	bitcoin-zeromq-client-starter	0.2.0		b0a98b2b8843f2a77ed7dd3fd83f7ace0216163c
io.github.theborakompanioni	bitcoin-zeromq-client-starter	0.3.0		9d29ae0a8244daa8e0577b94159457d911a87358
io.github.theborakompanioni	bitcoin-zeromq-client-starter	0.4.1		fab46e3789ca7fb9e7c4ca4d26a90909ecde1bfd
io.github.theborakompanioni	bitcoin-zeromq-client-starter	0.5.0		5c4812dfb26a3b1f8b7c9776a0f61cd2c644aa0f
io.github.theborakompanioni	bitcoin-zeromq-client-starter	0.6.0		12b02ddcc60555a22974ba3042c7c6df756bb1c6
io.github.theborakompanioni	bitcoin-zeromq-client-starter	0.7.0		f282b9b8fb48692cc821a1a61bd58ef6f2f1bb97
io.github.theborakompanioni	bitcoin-zeromq-client-starter	0.8.0		fe346e37037e70bc866e5863fe53bbc017f901fb
io.github.theborakompanioni	bitcoin-zeromq-client-starter	0.9.0		97c90973cb5ddaca06f5bb354e0ea8105d5d1fd2
io.github.yangshuo	db-deployer-maven-plugin-demo	1.0.2		N/A
io.hyperswitch	shared-testutil	0.75.2		36d4354e866cbfe5442d14e3e9ebaf992a235b5a
io.miragon.miranum.platform	connect-process-api	0.3.1		b809d63fd9b14d22b1977cc2ad9f2e9f285ca09a
io.opentelemetry.instrumentation	opentelemetry-restlet-1.0	1.10.0-alpha		f5da5c72cec1d470cb226aced47ee60659668e5e
io.opentelemetry.instrumentation	opentelemetry-restlet-1.0	1.10.1-alpha		dc6c28677982059b4e99d4e7ad96de1a7a2282cb
io.opentelemetry.instrumentation	opentelemetry-restlet-1.0	1.11.0-alpha		a01a0b9432675f55fbeeb64d45032268fd143541
io.opentelemetry.instrumentation	opentelemetry-restlet-1.0	1.11.1-alpha		0c2e4a1bd07ccb08f85641365c225d3dd8e2d0a7
io.opentelemetry.instrumentation	opentelemetry-restlet-1.0	1.12.0-alpha		4f6522c655159cf96a92878d76972fe67b1797c3
io.opentelemetry.instrumentation	opentelemetry-restlet-1.0	1.12.1-alpha		7d054a34e4d9c28b2c3a71c38c70230d3e9f59d9
io.opentelemetry.instrumentation	opentelemetry-restlet-1.0	1.13.0-alpha		dcec228dd5f84fbfed0d17f3136ba169f41a1a2e
io.opentelemetry.instrumentation	opentelemetry-restlet-1.0	1.13.1-alpha		1831aa64c5a761cb20396b1411bb6482549aa1cd
io.opentelemetry.instrumentation	opentelemetry-restlet-1.0	1.14.0-alpha		bb65f9543bbdca50724880021aecb8743cbba915
io.opentelemetry.instrumentation	opentelemetry-restlet-1.0	1.15.0-alpha		b13ece244309c628db161e22c3c42b19e57f8dcc
io.opentelemetry.instrumentation	opentelemetry-restlet-1.0	1.16.0-alpha		61446a22607a7bf051fa39419b712b1e2230ebcd
io.opentelemetry.instrumentation	opentelemetry-restlet-1.0	1.17.0-alpha		c7738a24f66761b195efc375c74918c56c73ab65
io.opentelemetry.instrumentation	opentelemetry-restlet-1.0	1.18.0-alpha		e69d2f533f29fc8a3cc1aca18cc5b628f5f38372
io.opentelemetry.instrumentation	opentelemetry-restlet-1.0	1.6.0-alpha		0848755bc245510e477c96b57e223abce8eade54
io.opentelemetry.instrumentation	opentelemetry-restlet-1.0	1.6.1-alpha		a792d95baaaae49fce442201a2d268652a7739ec
io.opentelemetry.instrumentation	opentelemetry-restlet-1.0	1.6.2-alpha		44af7ebfd41b759515f117dabfb9896a9de9ed92
io.opentelemetry.instrumentation	opentelemetry-restlet-1.0	1.7.0-alpha		84d5f271089c1783f7c1aeaed0cf00622665e64a
io.opentelemetry.instrumentation	opentelemetry-restlet-1.0	1.7.1-alpha		995156c4110b8471626a055824da6acb78e0571e
io.opentelemetry.instrumentation	opentelemetry-restlet-1.0	1.7.2-alpha		e8ebb26f32c5c6ea6db067ec2c314b281e6ab3d4
io.opentelemetry.instrumentation	opentelemetry-restlet-1.0	1.8.0-alpha		04dcbb3aabb68195c24bbbde452bf677148fbc8a
io.opentelemetry.instrumentation	opentelemetry-restlet-1.0	1.9.0-alpha		3dc0a03e89702d99500061b57c88cf4edc35d40a
io.opentelemetry.instrumentation	opentelemetry-restlet-1.0	1.9.1-alpha		df9971b7b443ae53bc6e0d95687fc29a8d94cd94
io.opentelemetry.instrumentation	opentelemetry-restlet-1.0	1.9.2-alpha		1fbdd1969cb437455bece361fb2d5fa3c47de1d0
io.vertigo	vertigo-saml2-connector	3.4.0		45e3fab4f57b22d958ac44272f607635e2f50b41
io.vertigo	vertigo-saml2-connector	3.5.0		7f3ec59b712425ffc4b965ef16429ed622730d3d
io.vertigo	vertigo-saml2-connector	3.6.0		0a961485103e0d8f264070dced37550b5b59964f
io.vertigo	vertigo-saml2-connector	4.0.0		96496deddd729cc47f860025e1a657bfa33e2c35
io.vertigo	vertigo-saml2-connector	4.1.0		61f2cd6afba07ef05d8a4fe33c7993f3c4b94408
io.vertigo	vertigo-saml2-connector	4.2.0		f66bc759bebb030a1a4f4b46fd79fbb4ad4d988f
io.vertigo	vertigo-saml2-connector	4.3.0		45b7972d0c0ad2e1d371d9111907f44be0d818b3
kz.tarlanpayments.storage	androidsdk	1.0.6		N/A
kz.tarlanpayments.storage	androidsdk	1.0.7		N/A
kz.tarlanpayments.storage	androidsdk	1.0.8		N/A
kz.tarlanpayments.storage	androidsdk	1.1.1		N/A
kz.tarlanpayments.storage	androidsdk	1.1.2		N/A
me.tatarka.loadie	loadie-conductor	0.1		N/A
me.tatarka.loadie	loadie-conductor	0.2		N/A
net.dankito.web	ktor2-web-client	1.0.0		06bf029ceafaaf58e5a061ead785af5bd2378328
net.dankito.web	ktor2-web-client	1.1.0		5f074d45b708857927045ceeeb4160795f611f04
net.folivo	trixnity-client-repository-indexeddb-jvm	3.2.0		5b8f86fea035328fc9e8c660773037a3401ce25f
net.folivo	trixnity-client-repository-indexeddb-jvm	3.3.0		5b8f86fea035328fc9e8c660773037a3401ce25f
net.folivo	trixnity-client-repository-indexeddb-jvm	3.3.1		5b8f86fea035328fc9e8c660773037a3401ce25f
net.folivo	trixnity-client-repository-indexeddb-jvm	3.4.0		5b8f86fea035328fc9e8c660773037a3401ce25f
net.folivo	trixnity-client-repository-indexeddb-jvm	3.4.1		5b8f86fea035328fc9e8c660773037a3401ce25f
net.folivo	trixnity-client-repository-indexeddb-jvm	3.5.0		5b8f86fea035328fc9e8c660773037a3401ce25f
net.folivo	trixnity-client-repository-indexeddb-jvm	3.5.1		5b8f86fea035328fc9e8c660773037a3401ce25f
net.folivo	trixnity-client-repository-indexeddb-jvm	3.6.0		5b8f86fea035328fc9e8c660773037a3401ce25f
net.folivo	trixnity-client-repository-indexeddb-jvm	3.6.1		5b8f86fea035328fc9e8c660773037a3401ce25f
net.folivo	trixnity-client-repository-indexeddb-jvm	3.6.2		5b8f86fea035328fc9e8c660773037a3401ce25f
net.folivo	trixnity-client-repository-indexeddb-jvm	3.7.0-beta1		5b8f86fea035328fc9e8c660773037a3401ce25f
net.folivo	trixnity-client-repository-indexeddb-jvm	3.7.0-beta2		5b8f86fea035328fc9e8c660773037a3401ce25f
net.folivo	trixnity-client-repository-indexeddb-jvm	3.7.0-beta3		5b8f86fea035328fc9e8c660773037a3401ce25f
net.somta	kernel-common	1.0.0		521b46761b287f65d7d6a1909ef60f9d7a4951b5
net.somta	kernel-common	1.0.1		8a5e8fda08ce1aad0f9b3b9d71191c6a9882081c
net.somta	kernel-common	1.0.2		f53462830132074c8a27b7f1a9278668fd03c2ce
net.somta	kernel-common	3.0.1		b2188fdbaad82ce5bb613fa80bc4844ecdea8ca9
net.somta	kernel-common	3.0.2		aaabe7c21b75624bb69872f94ed92d9379b864a8
nl.stijngroenen.tradfri	ikea-tradfri-api	1.0.0		91da5eab4c271f8e8236dee97dc51b17c024417f
nl.stijngroenen.tradfri	ikea-tradfri-api	1.1.0		ee50b4b529d0f23e410bf4eaf6db8e9cf389eed3
nl.stijngroenen.tradfri	ikea-tradfri-api	1.1.1		c78945c6918037639599ab191012e55bcfef3fc1
nl.stijngroenen.tradfri	ikea-tradfri-api	1.2.0		794bfd5d4701792f4828ceba8e39d5aa3241d6b1
org.apache.dolphinscheduler	dolphinscheduler-storage-all	3.2.0		fa18b8429bd27edbbf7e7fc90d3e32a6eadd01a5
org.apache.dolphinscheduler	dolphinscheduler-storage-all	3.2.1		4cd1c0bdff663fba727dd8c2b9a1113d3dc9444d
org.apache.dolphinscheduler	dolphinscheduler-storage-all	3.3.0-alpha		eb36ce4977f26960773fa1476d910abf67b08a9b
org.apache.felix	org.apache.felix.http.sslfilter	0.0.1		d4919a49b06e663ec1b12877ff5dbbfdb72ab06c
org.apache.felix	org.apache.felix.http.sslfilter	0.0.2		d84932ac805f22c4119c907252b21c74c42be3e5
org.apache.felix	org.apache.felix.http.sslfilter	0.1.0		a7392100d14ab14075c3b9ccc0156647e9fc664c
org.apache.felix	org.apache.felix.http.sslfilter	0.2.0		411ba9e51517c937a51034eb91375b3621a55753
org.apache.felix	org.apache.felix.http.sslfilter	1.0.0		628ee52828018eafb7c16907b24e57f6c2335cca
org.apache.felix	org.apache.felix.http.sslfilter	1.0.2		ee2b3676ce0431fb1f59820ae23a5cc968dfd14a
org.apache.felix	org.apache.felix.http.sslfilter	1.0.4		a89c7dd6e40a8e2c6d11fd496d37ab83239cfe18
org.apache.felix	org.apache.felix.http.sslfilter	1.0.6		aac84eb355e64b781822c2d0173884d8dc96d2bf
org.apache.felix	org.apache.felix.http.sslfilter	1.0.8		694bb9ecc8c4a79dfcd79244d5c6c8968afd9e68
org.apache.felix	org.apache.felix.http.sslfilter	1.1.0		d8be929c7d38ec607763428d6e5485bcd71fbf40
org.apache.felix	org.apache.felix.http.sslfilter	1.2.0		46392a24a85f59464a075a688bbf1b14c1cef004
org.apache.felix	org.apache.felix.http.sslfilter	1.2.2		9278c6c4789941e9a5f9541b4e667dc39a00fefe
org.apache.felix	org.apache.felix.http.sslfilter	1.2.4		3fe3cb98f717c2cbeea62f7dd58d293fbc23c824
org.apache.felix	org.apache.felix.http.sslfilter	1.2.6		4d8c5cc4b7e244facfa934406a939835dc378e95
org.apache.felix	org.apache.felix.http.sslfilter	1.2.8		42461dcb304c0d7c6e240ec4050f815671548c6f
org.apache.felix	org.apache.felix.http.sslfilter	2.0.0		799410590d0b5a6d71a8c2368b90d628d2c9323e
org.apache.felix	org.apache.felix.http.sslfilter	2.0.2		dd0bdadb2fe6e40f5bc71cfbf3f23ef44a02d2e3
org.apache.nifi	nifi-framework-api	1.0.0		6930411b77eac06fb92f9b40e9fdd43050e22ff9
org.apache.nifi	nifi-framework-api	1.0.0-BETA		d06873dd775b52c2e8d002b177a998b32fa7f73c
org.apache.nifi	nifi-framework-api	1.0.1		59666d75285d39edd42922c8124a414c78b59e48
org.apache.nifi	nifi-framework-api	1.1.0		f74146681c7534a01737e38d0a0e52df16bef78f
org.apache.nifi	nifi-framework-api	1.1.1		97bfac56f6610e3baf63523227bca48837ad9933
org.apache.nifi	nifi-framework-api	1.1.2		39c1b70d68070984ba4266cf7404e657aa2bfeac
org.apache.nifi	nifi-framework-api	1.10.0		3ca8c89a9088057e771ee658c230b271e9c809ed
org.apache.nifi	nifi-framework-api	1.11.0		1c30bc6b72f99488e458e3fae63f3c3ba48623ea
org.apache.nifi	nifi-framework-api	1.11.1		65a74832cab0fafbae3b83f24a46178a710dd904
org.apache.nifi	nifi-framework-api	1.11.2		4379e09ae717b0283457e35457c5988ce1d4dfc5
org.apache.nifi	nifi-framework-api	1.11.3		68257db9eca0c2cc544bd824177d03964ec9e5b7
org.apache.nifi	nifi-framework-api	1.11.4		36043f80f19a8ba4fd1a4d337b4788787ed17ced
org.apache.nifi	nifi-framework-api	1.12.0		9c15d4397c573d738e6203cee0a7da5bb113dcad
org.apache.nifi	nifi-framework-api	1.12.1		b691857b9ad66fbf06947d3527ba37b6b95a69bc
org.apache.nifi	nifi-framework-api	1.13.0		1d61b01f189be95e5a33cb6cf50cc07139fef6de
org.apache.nifi	nifi-framework-api	1.13.1		b876cc2507337b2c059b11fa9b9c1f0ae51b9155
org.apache.nifi	nifi-framework-api	1.13.2		c72a8c5e9e03e6035efc0f1317d9f3bfd916d3c7
org.apache.nifi	nifi-framework-api	1.14.0		39f10e9f4286e580bd4d32508708be51875849f1
org.apache.nifi	nifi-framework-api	1.15.0		6b36e40a389880d3e8233cc7e1e6cb450df521d3
org.apache.nifi	nifi-framework-api	1.15.1		ca2f041f60b4ef517fd1596286fbef176d0b41b1
org.apache.nifi	nifi-framework-api	1.15.2		63c33d0d6d882a55570e5fd613fa3b0f22cc254b
org.apache.nifi	nifi-framework-api	1.15.3		3ada89abcbd0e895ee6ee03de62761aca6991a26
org.apache.nifi	nifi-framework-api	1.16.0		9760c31156580990040d783edf1f0cd5044513d3
org.apache.nifi	nifi-framework-api	1.16.1		2236d82a34f2367cc06b8ba8a473a2e2fc2f85a0
org.apache.nifi	nifi-framework-api	1.16.2		ce6d7534cb29d08efea09c2df9bad3a436d88dba
org.apache.nifi	nifi-framework-api	1.16.3		50c754f29136f61f46a7636b72d3e35dd7eadc24
org.apache.nifi	nifi-framework-api	1.17.0		5f10f6a4d9f45a58fdda88654076cf7c85156832
org.apache.nifi	nifi-framework-api	1.18.0		2961f8f1f5f4ed5c8d503b19e3a4bc98674b4f3d
org.apache.nifi	nifi-framework-api	1.19.0		a453339910503b927119f022df42e3df975dc1f9
org.apache.nifi	nifi-framework-api	1.19.1		2f8336bd278fad5395c0e0c02c2b0a61554029da
org.apache.nifi	nifi-framework-api	1.2.0		89e01f65998d2170da197762362c82f2fd69920e
org.apache.nifi	nifi-framework-api	1.20.0		dd8e54643097622b51c9f4f00c274429d3e9689c
org.apache.nifi	nifi-framework-api	1.21.0		89684d42b22af8c2576c3d07a5138a0d21ab0fec
org.apache.nifi	nifi-framework-api	1.22.0		58138babb64b7430e65947a796cb4f867cb18703
org.apache.nifi	nifi-framework-api	1.23.0		42822d31154bebd071c03b8e115b95e421bc9fe1
org.apache.nifi	nifi-framework-api	1.23.1		269c837a8a8587de09a2d5918e754c9a954b0bf8
org.apache.nifi	nifi-framework-api	1.23.2		faad2aad228096b9e69b334814c9f3c274ec3a6a
org.apache.nifi	nifi-framework-api	1.24.0		19d10be5e7b9fe3e4d9aaf3251e3d70d634e07f7
org.apache.nifi	nifi-framework-api	1.25.0		8ae5b591e3145fed25916cd474ac8414b58a8679
org.apache.nifi	nifi-framework-api	1.26.0		af82e2ad0120916270f66dc7cf23677116a31505
org.apache.nifi	nifi-framework-api	1.27.0		62f75a277968a6cd929f23f8612622e0e00e16a3
org.apache.nifi	nifi-framework-api	1.28.0		8e2d0b57e3b1c4cd981ee1601a377568e14906db
org.apache.nifi	nifi-framework-api	1.28.1		1a7b3b4740f57b8015b37e3bd245f9ae1efc8830
org.apache.nifi	nifi-framework-api	1.3.0		113c9d9eb9e86a45f5392b0d41420d28146e28fb
org.apache.nifi	nifi-framework-api	1.4.0		44c418257cf654bc6af9465351b9236b7ed165a0
org.apache.nifi	nifi-framework-api	1.5.0		2f168a338b7c0271a4de30081dc57a0b7c2ba4dc
org.apache.nifi	nifi-framework-api	1.6.0		1c8fb9e2c6079fd74427448413197f50da65ba7b
org.apache.nifi	nifi-framework-api	1.7.0		81d7ca60f154cd64ad32ebe35808eb2b288e4167
org.apache.nifi	nifi-framework-api	1.7.1		d87852d5e67e74526f8f1d540c132d6f610e7f6a
org.apache.nifi	nifi-framework-api	1.8.0		a0fc8d06b13452cc89f1d191e9ad348d75bb0fd0
org.apache.nifi	nifi-framework-api	1.9.0		4b023957342ad6bb75a306c48bca7e9e13490afc
org.apache.nifi	nifi-framework-api	1.9.1		cbf7329f3a2cf4b3ec19de9c283ae9b0bf9ce964
org.apache.nifi	nifi-framework-api	1.9.2		048783c90f854f0327aa3466484ba92c9f842a3d
org.apache.nifi	nifi-framework-api	2.0.0		220c86827fc43dc8f1c241070d20ea4609a90ac3
org.apache.nifi	nifi-framework-api	2.0.0-M1		f7fa3be9fad90c8a91be0ac4885cdd6effdc9693
org.apache.nifi	nifi-framework-api	2.0.0-M2		bcad18dc324509472cff975e80929ad1a585a8c1
org.apache.nifi	nifi-framework-api	2.0.0-M3		1d99ae9e9d404d55b00e1532a1a502d29eb23042
org.apache.nifi	nifi-framework-api	2.0.0-M4		9d9b4cb5a54ea680a178d886159cf761053872da
org.apache.nifi	nifi-framework-api	2.1.0		18cc61699a3676650dd82eb5e20b182fd59bf655
org.apache.nifi	nifi-framework-api	2.2.0		679ad4c6f881c24f2eea437e14446d2313f03888
org.apache.nifi	nifi-framework-api	2.3.0		a95552f0a775735e50e9c5263d7802fbd9c4c556
org.apache.nifi	nifi-framework-api	2.4.0		87df7547cf9b68b9c0987ca5eb0abdcae59086dd
org.casbin	casvisor-java-sdk	1.2.0		2c6c746f0caefe46466439ea2d467240a19c69ad
org.codehaus.fabric3	fabric3-management-jmx-agent	1.8		531827d72a9d2993245b946e5119c1bcfa3cee0b
org.codehaus.fabric3	fabric3-management-jmx-agent	1.8.1		c0ea294115bc1500f259b64a4b1afb049bb8894d
org.codehaus.fabric3	fabric3-management-jmx-agent	1.9		23b59121c1e53c350b0fa4a1daed5bce346dcf53
org.codehaus.fabric3	fabric3-management-jmx-agent	1.9.5		50972def66da2baa10753f9aae9bb9e6a2099165
org.codehaus.fabric3	fabric3-management-jmx-agent	1.9.6		f73bcdf840d4ca83774ab01834f9c9be9bfe6a77
org.codehaus.fabric3	fabric3-management-jmx-agent	2.0.0		5c704bc89cd98b6a678f6e0533ba4de8eb335d90
org.codehaus.fabric3	fabric3-management-jmx-agent	2.0.1		0dc5ff2e1d9863d4033b3e7c40a1ffe588adc312
org.dromara.mpe	mybatis-plus-ext	3.5.10.1-EXT813		N/A
org.dromara.mpe	mybatis-plus-ext	3.5.10.1-EXT820		N/A
org.dromara.mpe	mybatis-plus-ext	3.5.10.1-EXT821		N/A
org.dromara.mpe	mybatis-plus-ext	3.5.10.1-EXT822		N/A
org.dromara.mpe	mybatis-plus-ext	3.5.10.1-EXT830		N/A
org.dromara.mpe	mybatis-plus-ext	3.5.10.1-EXT831		N/A
org.dromara.mpe	mybatis-plus-ext	3.5.10.1-EXT832		N/A
org.dromara.mpe	mybatis-plus-ext	3.5.11-EXT833		N/A
org.dromara.mpe	mybatis-plus-ext	3.5.11-EXT834		N/A
org.dromara.mpe	mybatis-plus-ext	3.5.11-EXT835		N/A
org.dromara.mpe	mybatis-plus-ext	3.5.11-EXT836		N/A
org.dromara.mpe	mybatis-plus-ext	3.5.9-EXT800		N/A
org.dromara.mpe	mybatis-plus-ext	3.5.9-EXT801		N/A
org.dromara.mpe	mybatis-plus-ext	3.5.9-EXT802		N/A
org.dromara.mpe	mybatis-plus-ext	3.5.9-EXT803		N/A
org.dromara.mpe	mybatis-plus-ext	3.5.9-EXT810		N/A
org.dromara.mpe	mybatis-plus-ext	3.5.9-EXT811		N/A
org.dromara.mpe	mybatis-plus-ext	3.5.9-EXT812		N/A
org.dromara.mpe	mybatis-plus-ext	3.5.9-EXT813		N/A
org.eclipse.wst.standard	schemas	1.0.1-v200705302225		04ed334c528403a95d937600b337594c1916e611
org.ikasan	ikasan-connector-ftp-classes	0.8.0		0f0ba376c21d86cbe21248c612de4335dc5d8d8e
org.ikasan	ikasan-connector-ftp-classes	0.8.1		4833aa2de618c1348fe64d3aebf889cfaac8fad6
org.ikasan	ikasan-connector-ftp-classes	0.8.3		f80c27f245ee0965670d272136e400fa6f896109
org.ikasan	ikasan-connector-ftp-classes	0.8.4		d68409058e31fbea8dc3837e817bd28ba990c26b
org.ikasan	ikasan-connector-ftp-classes	1.0.0		09675423c2e1cb9c0dc4640826839f9f71f56a88
org.ikasan	ikasan-connector-ftp-classes	1.0.0-rc5		464b7d7bc8d8bf232daee0f69dd333c56ea06d63
org.ikasan	ikasan-connector-ftp-classes	1.0.1		4c2a0f730936356f523f812cacc2d0f117c61237
org.ikasan	ikasan-connector-ftp-classes	1.0.2		30450b9d77b9b452a2a909279422782cee141bf1
org.ikasan	ikasan-connector-ftp-classes	1.0.3		1eef32b4e70498c9e5c39c3778fa947c018f3737
org.ikasan	ikasan-connector-ftp-classes	1.0.4		e76bf199b5b53fb703921112d25eedbc1dde9aaf
org.ikasan	ikasan-connector-ftp-classes	1.0.5		9fcc943a3a377f7710556cd4df8499154aa7999e
org.ikasan	ikasan-connector-ftp-classes	1.0.6		b4e505d5372b02e8e113c7519183a87bcc015918
org.ikasan	ikasan-connector-ftp-classes	1.0.7		456b7329da139eb7b684aa233e635e746f52b149
org.ikasan	ikasan-connector-ftp-classes	1.0.8		602ad0402f429445922d551c263d99404cce90c3
org.ikasan	ikasan-connector-ftp-classes	1.1.0		45b022f7d7096e0155a7115e8f0a058dd41e4a7a
org.ikasan	ikasan-connector-ftp-classes	1.1.1		21f6662d5afbc66c594288a2b5b18ed633a745dd
org.ikasan	ikasan-connector-ftp-classes	1.1.2		98874e745132fdb05ce89bbbff310ea861889107
org.ikasan	ikasan-connector-ftp-classes	1.1.3		0bf167af2e25fe451075cf586efbf5fcf53d90ad
org.ikasan	ikasan-connector-ftp-classes	1.1.4		39fcb8db44e3d75bfda9e50379851a9d7258b3a1
org.ikasan	ikasan-connector-ftp-classes	1.1.5		d415ea58dfc19d69b0d0e6fa2e43b0912848ab8c
org.ikasan	ikasan-connector-ftp-classes	1.2.0		0e89be2438ec7b53b3e6c849c2707069497b89a7
org.ikasan	ikasan-connector-ftp-classes	1.2.1		102687908c35660671223cd480f72e7f168307ec
org.ikasan	ikasan-connector-ftp-classes	1.2.2		8b470f273efff1a09f43861bc5efa7b769ca4538
org.ikasan	ikasan-connector-ftp-classes	1.2.3		4a945f97b7d38bcc9aa42502cac440c5a8826778
org.ikasan	ikasan-connector-ftp-classes	1.2.4		99652c72b809a0632178ba1d7e48db1c2bd6f375
org.ikasan	ikasan-connector-ftp-classes	1.2.5		b818d84b9985f537c22fab9a321cd0ef2935c32e
org.ikasan	ikasan-connector-ftp-classes	1.2.6		e7d52488fe9f9ea8a13d259d37cb78aa942963a8
org.ikasan	ikasan-connector-ftp-classes	1.3.0		fefc0e6cf03d98fb425c7fbfb70bb6d20eba2046
org.ikasan	ikasan-connector-ftp-classes	1.3.1		9eee94f8c3dfd7cc1361dac3a528eb0f7d8bd398
org.ikasan	ikasan-connector-ftp-classes	1.4.0		c4bf979687ba7b516938a9a7d843f3c684587fac
org.ikasan	ikasan-connector-ftp-classes	1.4.1		26837bc97fcbe44827de4a5bbd88e4305cfe0861
org.ikasan	ikasan-connector-ftp-classes	1.4.2		0f2c774c54b2256e5bfde221db7cce2de2b43802
org.ikasan	ikasan-connector-ftp-classes	1.4.3		4d51f1503d6792257d5433988bcb5736a5bf8f98
org.ikasan	ikasan-connector-ftp-classes	1.5.0		3724ead09145b4584c482210cf26ab00d05a309c
org.ikasan	ikasan-connector-ftp-classes	1.5.1		0def864cc818543d21fddfab83180e23d85df769
org.kie.modules	org-apache-juddi-uddi-ws-main	6.1.0.Beta1		N/A
org.kie.modules	org-apache-juddi-uddi-ws-main	6.1.0.Beta2		N/A
org.kie.modules	org-apache-juddi-uddi-ws-main	6.1.0.Beta3		N/A
org.kie.modules	org-apache-juddi-uddi-ws-main	6.1.0.Beta4		N/A
org.kie.modules	org-apache-juddi-uddi-ws-main	6.1.0.CR1		N/A
org.kie.modules	org-apache-juddi-uddi-ws-main	6.1.0.CR2		N/A
org.kie.modules	org-apache-juddi-uddi-ws-main	6.1.0.Final		N/A
org.kie.modules	org-apache-juddi-uddi-ws-main	6.2.0.Beta1		N/A
org.kie.modules	org-apache-juddi-uddi-ws-main	6.2.0.Beta2		N/A
org.kie.modules	org-apache-juddi-uddi-ws-main	6.2.0.Beta3		N/A
org.kie.modules	org-apache-juddi-uddi-ws-main	6.2.0.CR1		N/A
org.kie.modules	org-apache-juddi-uddi-ws-main	6.2.0.CR2		N/A
org.kie.modules	org-apache-juddi-uddi-ws-main	6.2.0.CR3		N/A
org.kie.modules	org-apache-juddi-uddi-ws-main	6.2.0.CR4		N/A
org.kie.modules	org-apache-juddi-uddi-ws-main	6.2.0.Final		N/A
org.kie.modules	org-apache-juddi-uddi-ws-main	6.3.0.CR1		N/A
org.kie.modules	org-apache-juddi-uddi-ws-main	6.3.0.CR2		N/A
org.kie.modules	org-apache-juddi-uddi-ws-main	6.3.0.Final		N/A
org.kie.modules	org-apache-juddi-uddi-ws-main	6.4.0.Beta1		N/A
org.kie.modules	org-apache-juddi-uddi-ws-main	6.4.0.Beta2		N/A
org.kie.modules	org-apache-juddi-uddi-ws-main	6.4.0.CR1		N/A
org.kie.modules	org-apache-juddi-uddi-ws-main	6.4.0.CR2		N/A
org.kie.modules	org-apache-juddi-uddi-ws-main	6.4.0.Final		N/A
org.kie.modules	org-apache-juddi-uddi-ws-main	6.5.0.Beta1		N/A
org.kie.modules	org-apache-juddi-uddi-ws-main	6.5.0.CR1		N/A
org.kie.modules	org-apache-juddi-uddi-ws-main	6.5.0.CR2		N/A
org.kie.modules	org-apache-juddi-uddi-ws-main	6.5.0.Final		N/A
org.mortbay.jetty	repository	7.0.0.RC2		N/A
org.mortbay.jetty	repository	7.0.0.RC3		N/A
org.mortbay.jetty	repository	7.0.0.RC4		N/A
org.mortbay.jetty	repository	7.0.0.RC5		N/A
org.mortbay.jetty	repository	7.0.0.RC6		N/A
org.mortbay.jetty	repository	7.0.0.v20091005		N/A
org.mortbay.jetty	repository	7.0.1.v20091125		N/A
org.mortbay.jetty	repository	7.0.2.v20100331		N/A
org.mortbay.jetty	repository	7.1.0.RC0		N/A
org.mortbay.jetty	repository	7.1.0.RC1		N/A
org.nd4j	nd4j-cuda-9.2-platform	1.0.0-beta2		b7d682a58a1a13886ab282be6efeebefd1262c04
org.nd4j	nd4j-cuda-9.2-platform	1.0.0-beta2	linux-x86_64	02604bf693351b747154232972e128f652485ceb
org.nd4j	nd4j-cuda-9.2-platform	1.0.0-beta3		e7e1693a2cbd9bbee110cf9235aeb468b190ef94
org.nd4j	nd4j-cuda-9.2-platform	1.0.0-beta3	linux-x86_64	68f8a66375435505815796ad62e6f2c104345f7f
org.nd4j	nd4j-cuda-9.2-platform	1.0.0-beta4		caa7c7cf8c419124809a90f8f3829f9ec1f74433
org.nd4j	nd4j-cuda-9.2-platform	1.0.0-beta4	linux-x86_64	07347e8a7c7dfb640c5956a5cc523937c6382b78
org.nd4j	nd4j-cuda-9.2-platform	1.0.0-beta5		8877d18f136d20d08c6e53ca8e32d4ee574da96f
org.nd4j	nd4j-cuda-9.2-platform	1.0.0-beta5	linux-x86_64	2d60f4521b6d5588edc09145703b444c51589449
org.nd4j	nd4j-cuda-9.2-platform	1.0.0-beta6		51c1f6bda0fcd88d2ebf94263c56e5c7b8286bbf
org.nd4j	nd4j-cuda-9.2-platform	1.0.0-beta6	linux-x86_64	85b876ddf0556c9dbcf497e54efd2fc123f36779
org.objectledge.maven.connectors.jflex	feature	1.0.0		df58ce115baa069b3b86b5a3d8ea506425b0bb61
org.openrndr.orsl	orsl-extension-easing	0.4.5-alpha5		063e8901f8765517ba92d2548009d76b0a5e3295
org.openurp.std.fee	openurp-std-fee-core	0.0.12		575acf56a615d94750c3d35acefe4d8a4aeffbe4
org.openurp.std.fee	openurp-std-fee-core	0.0.13		9b2ef5dc72b787a743a4009e6fd9b62c1489b60c
org.openurp.std.fee	openurp-std-fee-core	0.0.14		c17b0a0175492b3b6acb217c38bd4ba1fe787443
org.openurp.std.fee	openurp-std-fee-core	0.0.15		b3895ae681b5dab8e767d48aebb29fe5fc28a915
org.openurp.std.fee	openurp-std-fee-core	0.0.16		d49dfd896bc57cf4a83249a18b2529db0d9eb546
org.openurp.std.fee	openurp-std-fee-core	0.0.17		f35ee50dfe9bd17382a524eed5cda8a9c2d178e0
org.openurp.std.fee	openurp-std-fee-core	0.0.18		707750808d520b36c853787825520b8731e26ad9
org.openurp.std.fee	openurp-std-fee-core	0.0.19		8867911b9568a4a1761fb6254e11d5b444c2f929
org.openurp.std.fee	openurp-std-fee-core	0.0.20		e58506f5df1529b98163777933c94a210623e125
org.openurp.std.fee	openurp-std-fee-core	0.0.21		286200d62ded7795aeaa83344431e6fcdf4e74da
org.openurp.std.fee	openurp-std-fee-core	0.0.22		9562bf298c0de0cecb89f6da595a5fe8756338f6
org.openurp.std.fee	openurp-std-fee-core	0.0.23		58b6ba99d278ce6addf6dd0926bc03ada8df5047
org.openurp.std.fee	openurp-std-fee-core	0.0.24		acc3a4967f27e7b406bbc8484d6790e0bdaa23d8
org.openurp.std.fee	openurp-std-fee-core	0.0.25		a137d4d1be9a2b1e4b6eebd4c7b08877e5c95195
org.osgi	org.osgi.service.condpermadmin	1.1.1		1dd53625d75ed3c371df912a59e4254880e45327
org.osgi	org.osgi.service.condpermadmin	1.1.2		c658a7750fef0e7b7ab9e7a1bc2f0a12e6721c30
org.springframework.cloud.stream.app	app-starters-s3-common	1.0.0.RELEASE		abc0ce603b55a371889d14e87fd3cbcd3ff85da0
org.springframework.cloud.stream.app	app-starters-s3-common	1.0.2.RELEASE		0d3d75dc26fc8b998c19dbfe551752ffa4429e99
org.springframework.cloud.stream.app	app-starters-s3-common	1.0.4.RELEASE		6770032b823e95f6c4d99f3224143e822772257b
org.superfine	tracking-singular	0.0.15		N/A
org.typelevel	jawn-argonaut_2.13.0-RC1	0.14.2		7c9c16c89a26e618caa70a95642f1c1f77a2c8e7
org.webjars.bower	weather-icons	1.3.2		c6bfc2cdd1d5676d73d2f98bdd84e7af02e8b2e5
org.webjars.bower	weather-icons	2.0.0		c368d3506f4302e42982e24eadedcfb03dc6f1e1
org.webjars.bower	weather-icons	2.0.10		02c35964d9ec430ab5c996c29ad809430317b62a
org.webjars.npm	mdx-js__rollup	3.1.0		0de0eac295580dc09861589a777e4645cfdec993
org.webjars.npm	vue-tel-input	5.6.3		2bfb04749152455b71c62a1ec4d6397358f50736
org.wso2.analytics.solutions	sp-solution-features	1.0.0		N/A
org.wso2.analytics.solutions	sp-solution-features	1.0.1		N/A
org.wso2.analytics.solutions	sp-solution-features	1.0.10		N/A
org.wso2.analytics.solutions	sp-solution-features	1.0.11		N/A
org.wso2.analytics.solutions	sp-solution-features	1.0.12		N/A
org.wso2.analytics.solutions	sp-solution-features	1.0.13		N/A
org.wso2.analytics.solutions	sp-solution-features	1.0.14		N/A
org.wso2.analytics.solutions	sp-solution-features	1.0.15		N/A
org.wso2.analytics.solutions	sp-solution-features	1.0.16		N/A
org.wso2.analytics.solutions	sp-solution-features	1.0.17		N/A
org.wso2.analytics.solutions	sp-solution-features	1.0.18		N/A
org.wso2.analytics.solutions	sp-solution-features	1.0.19		N/A
org.wso2.analytics.solutions	sp-solution-features	1.0.2		N/A
org.wso2.analytics.solutions	sp-solution-features	1.0.20		N/A
org.wso2.analytics.solutions	sp-solution-features	1.0.21		N/A
org.wso2.analytics.solutions	sp-solution-features	1.0.22		N/A
org.wso2.analytics.solutions	sp-solution-features	1.0.23		N/A
org.wso2.analytics.solutions	sp-solution-features	1.0.24		N/A
org.wso2.analytics.solutions	sp-solution-features	1.0.25		N/A
org.wso2.analytics.solutions	sp-solution-features	1.0.26		N/A
org.wso2.analytics.solutions	sp-solution-features	1.0.27		N/A
org.wso2.analytics.solutions	sp-solution-features	1.0.28		N/A
org.wso2.analytics.solutions	sp-solution-features	1.0.29		N/A
org.wso2.analytics.solutions	sp-solution-features	1.0.3		N/A
org.wso2.analytics.solutions	sp-solution-features	1.0.30		N/A
org.wso2.analytics.solutions	sp-solution-features	1.0.31		N/A
org.wso2.analytics.solutions	sp-solution-features	1.0.32		N/A
org.wso2.analytics.solutions	sp-solution-features	1.0.33		N/A
org.wso2.analytics.solutions	sp-solution-features	1.0.34		N/A
org.wso2.analytics.solutions	sp-solution-features	1.0.35		N/A
org.wso2.analytics.solutions	sp-solution-features	1.0.36		N/A
org.wso2.analytics.solutions	sp-solution-features	1.0.37		N/A
org.wso2.analytics.solutions	sp-solution-features	1.0.38		N/A
org.wso2.analytics.solutions	sp-solution-features	1.0.39		N/A
org.wso2.analytics.solutions	sp-solution-features	1.0.4		N/A
org.wso2.analytics.solutions	sp-solution-features	1.0.40		N/A
org.wso2.analytics.solutions	sp-solution-features	1.0.41		N/A
org.wso2.analytics.solutions	sp-solution-features	1.0.42		N/A
org.wso2.analytics.solutions	sp-solution-features	1.0.43		N/A
org.wso2.analytics.solutions	sp-solution-features	1.0.44		N/A
org.wso2.analytics.solutions	sp-solution-features	1.0.45		N/A
org.wso2.analytics.solutions	sp-solution-features	1.0.46		N/A
org.wso2.analytics.solutions	sp-solution-features	1.0.47		N/A
org.wso2.analytics.solutions	sp-solution-features	1.0.48		N/A
org.wso2.analytics.solutions	sp-solution-features	1.0.49		N/A
org.wso2.analytics.solutions	sp-solution-features	1.0.5		N/A
org.wso2.analytics.solutions	sp-solution-features	1.0.50		N/A
org.wso2.analytics.solutions	sp-solution-features	1.0.51		N/A
org.wso2.analytics.solutions	sp-solution-features	1.0.52		N/A
org.wso2.analytics.solutions	sp-solution-features	1.0.53		N/A
org.wso2.analytics.solutions	sp-solution-features	1.0.54		N/A
org.wso2.analytics.solutions	sp-solution-features	1.0.55		N/A
org.wso2.analytics.solutions	sp-solution-features	1.0.56		N/A
org.wso2.analytics.solutions	sp-solution-features	1.0.57		N/A
org.wso2.analytics.solutions	sp-solution-features	1.0.58		N/A
org.wso2.analytics.solutions	sp-solution-features	1.0.59		N/A
org.wso2.analytics.solutions	sp-solution-features	1.0.6		N/A
org.wso2.analytics.solutions	sp-solution-features	1.0.60		N/A
org.wso2.analytics.solutions	sp-solution-features	1.0.61		N/A
org.wso2.analytics.solutions	sp-solution-features	1.0.62		N/A
org.wso2.analytics.solutions	sp-solution-features	1.0.63		N/A
org.wso2.analytics.solutions	sp-solution-features	1.0.7		N/A
org.wso2.analytics.solutions	sp-solution-features	1.0.8		N/A
org.wso2.analytics.solutions	sp-solution-features	1.0.9		N/A
pl.droidsonroids.composekit	pulltorefresh	0.1.0		N/A
pl.droidsonroids.composekit	pulltorefresh	0.1.1		N/A
pl.droidsonroids.composekit	pulltorefresh	0.1.2		N/A
space.kscience	kmath-dimensions-js	0.2.0		N/A
space.kscience	kmath-dimensions-js	0.2.1		N/A
space.kscience	kmath-dimensions-js	0.3.1		N/A
space.kscience	kmath-dimensions-js	0.4.1		N/A
space.kscience	kmath-dimensions-js	0.4.2		N/A
tz.co.asoft	raven-email-console-js	3.0.11		N/A
tz.co.asoft	raven-email-console-js	3.0.12		N/A
tz.co.asoft	raven-email-console-js	3.0.13		N/A
tz.co.asoft	raven-email-console-js	3.0.8		N/A
tz.co.asoft	raven-email-console-js	3.0.9		N/A
wiki.xsx	x-easypdf-fop	2.10.0		7b12bc0e8b36c4a2687cf694c4309d8a1b9a798c
wiki.xsx	x-easypdf-fop	2.10.1		371f156c686fe67be5f095a3a988f96cbb9aa22f
wiki.xsx	x-easypdf-fop	2.10.2		aef7bb28e0f40461787b2b15d8ca2312748d83b3
wiki.xsx	x-easypdf-fop	2.11.0		88dec0a05384635615edeeca642638762540e04a
wiki.xsx	x-easypdf-fop	2.11.1		b70055e8401ad717d5d6992beb1e9b0b91cc72d2
wiki.xsx	x-easypdf-fop	2.11.10		ce7afd6116f0a8b1ffb8ad8216b3e0dcffcee4cc
wiki.xsx	x-easypdf-fop	2.11.2		86db38a93d4e77bea2c2cbc3772bad137efa158d
wiki.xsx	x-easypdf-fop	2.11.3		1a240b2922c7463184736144afc8337dfff79d96
wiki.xsx	x-easypdf-fop	2.11.4		c20b74d2a339eed90a6c7efd2f93b6af72985677
wiki.xsx	x-easypdf-fop	2.11.5		f15979a86e3e63d3e9e9f9fb4332bfc4b61fadf0
wiki.xsx	x-easypdf-fop	2.11.6		dc38fb2bbc34a5de7adfbbba644e1e17d55585b8
wiki.xsx	x-easypdf-fop	2.11.7		e353640729633075dc0f41f80204df58f9d49ba4
wiki.xsx	x-easypdf-fop	2.11.8		358fa1d3ad52d9595834f5461590f20d2afff7f5
wiki.xsx	x-easypdf-fop	2.11.9		520ced811afc0a096037ae3e17b8dffd558469d4
