app.softwork	kotlinx-uuid-sqldelight-watchosx64	0.0.17		N/A
app.softwork	kotlinx-uuid-sqldelight-watchosx64	0.0.17	metadata	6d3e4fc0380355164bc59ec22758ed7630237365
app.softwork	kotlinx-uuid-sqldelight-watchosx64	0.0.18		N/A
app.softwork	kotlinx-uuid-sqldelight-watchosx64	0.0.18	metadata	876b55f6366eac20c3318a4b783f64890398c1fc
app.softwork	kotlinx-uuid-sqldelight-watchosx64	0.0.19		N/A
app.softwork	kotlinx-uuid-sqldelight-watchosx64	0.0.19	metadata	23a643f718202c91d1041c40abc834e3db28b090
app.softwork	kotlinx-uuid-sqldelight-watchosx64	0.0.20		N/A
app.softwork	kotlinx-uuid-sqldelight-watchosx64	0.0.20	metadata	a954fb8cc2968b568074605321b69691bd6608d7
app.softwork	kotlinx-uuid-sqldelight-watchosx64	0.0.21		N/A
app.softwork	kotlinx-uuid-sqldelight-watchosx64	0.0.21	metadata	2ad14aed781c4a73ed4dbb421966d408a0a06686
app.softwork	kotlinx-uuid-sqldelight-watchosx64	0.0.22		N/A
app.softwork	kotlinx-uuid-sqldelight-watchosx64	0.0.22	metadata	2ad14aed781c4a73ed4dbb421966d408a0a06686
app.softwork	kotlinx-uuid-sqldelight-watchosx64	0.0.23		N/A
app.softwork	kotlinx-uuid-sqldelight-watchosx64	0.0.23	metadata	2ad14aed781c4a73ed4dbb421966d408a0a06686
app.softwork	kotlinx-uuid-sqldelight-watchosx64	0.0.24		N/A
app.softwork	kotlinx-uuid-sqldelight-watchosx64	0.0.24	metadata	2ad14aed781c4a73ed4dbb421966d408a0a06686
app.softwork	kotlinx-uuid-sqldelight-watchosx64	0.0.25		N/A
app.softwork	kotlinx-uuid-sqldelight-watchosx64	0.0.25	metadata	2ad14aed781c4a73ed4dbb421966d408a0a06686
app.softwork	kotlinx-uuid-sqldelight-watchosx64	0.0.26		N/A
app.softwork	kotlinx-uuid-sqldelight-watchosx64	0.0.26	metadata	2ad14aed781c4a73ed4dbb421966d408a0a06686
app.softwork	kotlinx-uuid-sqldelight-watchosx64	0.1.0		N/A
app.softwork	kotlinx-uuid-sqldelight-watchosx64	0.1.0	metadata	2ad14aed781c4a73ed4dbb421966d408a0a06686
app.softwork	kotlinx-uuid-sqldelight-watchosx64	0.1.1		N/A
app.softwork	kotlinx-uuid-sqldelight-watchosx64	0.1.1	metadata	2ad14aed781c4a73ed4dbb421966d408a0a06686
app.softwork	kotlinx-uuid-sqldelight-watchosx64	0.1.2		N/A
app.softwork	kotlinx-uuid-sqldelight-watchosx64	0.1.2	metadata	2ad14aed781c4a73ed4dbb421966d408a0a06686
app.softwork	kotlinx-uuid-sqldelight-watchosx64	0.1.3		N/A
app.softwork	kotlinx-uuid-sqldelight-watchosx64	0.1.3	metadata	2ad14aed781c4a73ed4dbb421966d408a0a06686
app.softwork	kotlinx-uuid-sqldelight-watchosx64	0.1.4		N/A
app.softwork	kotlinx-uuid-sqldelight-watchosx64	0.1.4	metadata	2ad14aed781c4a73ed4dbb421966d408a0a06686
app.softwork	kotlinx-uuid-sqldelight-watchosx64	0.1.5		N/A
app.softwork	kotlinx-uuid-sqldelight-watchosx64	0.1.5	metadata	2ad14aed781c4a73ed4dbb421966d408a0a06686
au.id.tmm.tmm-utils	tmm-utils-collection-cats_2.13	0.4.5		e96ac5d006fcdfa9344ea0b43dcaf20a3cce7b23
au.id.tmm.tmm-utils	tmm-utils-collection-cats_2.13	0.4.6		dfc7b6c49069adac71c9cd1afe6875f3e3fda5ab
au.id.tmm.tmm-utils	tmm-utils-collection-cats_2.13	0.4.7		872a609a125f6edf611d25c97971bab7d7e05388
ch.stegmaier.java2tex	latex	0.6.1		00b4f44f5f9560c856ffe673029a5ac4ad77b792
ch.stegmaier.java2tex	latex	0.6.2		432e8cdb7993d7b4c938578dcc503cb858a0d41d
ch.stegmaier.java2tex	latex	0.6.3		052e37d561c0eba168c0920aa4cee94b4c01c7cc
ch.stegmaier.java2tex	latex	0.6.4		981e7cbb74066d1358d628c54937ee5c5936988c
ch.stegmaier.java2tex	latex	0.6.5		712dafd77911dbf9890da6ef5c94c7419eed9aeb
ch.stegmaier.java2tex	latex	0.6.6		8707e294338b666a8316e927b45ebb33e43630ed
ch.stegmaier.java2tex	latex	0.6.7		4411fe7b276d61c8df7f437908da4e32973ca124
ch.stegmaier.java2tex	latex	0.6.8		1039a0d70a4d82184ffb00730a5e5b96209e7641
co.touchlab.skie	gradle-sub-plugin-api	0.10.0		3dabbe8defae308809e503d7b95c168af8e7e0c1
co.touchlab.skie	gradle-sub-plugin-api	0.10.1		3dabbe8defae308809e503d7b95c168af8e7e0c1
co.touchlab.skie	gradle-sub-plugin-api	0.10.2-preview.2.1.20		3dabbe8defae308809e503d7b95c168af8e7e0c1
co.touchlab.skie	gradle-sub-plugin-api	0.7.0		d0716489c8966b5e9b508401cb4df3b5237b56d0
co.touchlab.skie	gradle-sub-plugin-api	0.7.0-preview.2.0.0-RC2		d0716489c8966b5e9b508401cb4df3b5237b56d0
co.touchlab.skie	gradle-sub-plugin-api	0.7.0-preview.2.0.0-RC3		d0716489c8966b5e9b508401cb4df3b5237b56d0
co.touchlab.skie	gradle-sub-plugin-api	0.7.1		d0716489c8966b5e9b508401cb4df3b5237b56d0
co.touchlab.skie	gradle-sub-plugin-api	0.7.1-preview.2.0.0-RC3		d0716489c8966b5e9b508401cb4df3b5237b56d0
co.touchlab.skie	gradle-sub-plugin-api	0.7.2		d0716489c8966b5e9b508401cb4df3b5237b56d0
co.touchlab.skie	gradle-sub-plugin-api	0.7.2-preview.2.0.0-RC3		d0716489c8966b5e9b508401cb4df3b5237b56d0
co.touchlab.skie	gradle-sub-plugin-api	0.8.0		d0716489c8966b5e9b508401cb4df3b5237b56d0
co.touchlab.skie	gradle-sub-plugin-api	0.8.1		d0716489c8966b5e9b508401cb4df3b5237b56d0
co.touchlab.skie	gradle-sub-plugin-api	0.8.2		d0716489c8966b5e9b508401cb4df3b5237b56d0
co.touchlab.skie	gradle-sub-plugin-api	0.8.3		d0716489c8966b5e9b508401cb4df3b5237b56d0
co.touchlab.skie	gradle-sub-plugin-api	0.8.4		d0716489c8966b5e9b508401cb4df3b5237b56d0
co.touchlab.skie	gradle-sub-plugin-api	0.9.0		3dabbe8defae308809e503d7b95c168af8e7e0c1
co.touchlab.skie	gradle-sub-plugin-api	0.9.0-RC.1		3dabbe8defae308809e503d7b95c168af8e7e0c1
co.touchlab.skie	gradle-sub-plugin-api	0.9.0-RC.3		3dabbe8defae308809e503d7b95c168af8e7e0c1
co.touchlab.skie	gradle-sub-plugin-api	0.9.0-RC.4		3dabbe8defae308809e503d7b95c168af8e7e0c1
co.touchlab.skie	gradle-sub-plugin-api	0.9.0-RC.5		3dabbe8defae308809e503d7b95c168af8e7e0c1
co.touchlab.skie	gradle-sub-plugin-api	0.9.1		3dabbe8defae308809e503d7b95c168af8e7e0c1
co.touchlab.skie	gradle-sub-plugin-api	0.9.2		3dabbe8defae308809e503d7b95c168af8e7e0c1
co.touchlab.skie	gradle-sub-plugin-api	0.9.3		3dabbe8defae308809e503d7b95c168af8e7e0c1
co.touchlab.skie	gradle-sub-plugin-api	0.9.4		3dabbe8defae308809e503d7b95c168af8e7e0c1
co.touchlab.skie	gradle-sub-plugin-api	0.9.5		3dabbe8defae308809e503d7b95c168af8e7e0c1
com.apollographql.cache	normalized-cache-sqlite-incubating-jvm	0.0.1		75429779ec8b05a7d1224cd9fb9662ef37f6ca1d
com.apollographql.cache	normalized-cache-sqlite-incubating-jvm	0.0.2		fefe34baf85a6dd377e1de87b184859d39ccda19
com.apollographql.cache	normalized-cache-sqlite-incubating-jvm	0.0.3		a7a139b57162ca49b134a18fc80e382d27e2bc45
com.apollographql.cache	normalized-cache-sqlite-incubating-jvm	0.0.4		1a003842186216f7d75069c3084fa346b97a49ee
com.apollographql.cache	normalized-cache-sqlite-incubating-jvm	0.0.5		3b61929fc22bdef36b7a8e8ddc37c7f0094635e7
com.apollographql.cache	normalized-cache-sqlite-incubating-jvm	0.0.6		94dde550fffbbcd95bec669adbbaa57b311d850e
com.apollographql.cache	normalized-cache-sqlite-incubating-jvm	0.0.7		cb1a94448314c959bde8a70c9e3db4d98ff431f8
com.apollographql.cache	normalized-cache-sqlite-incubating-jvm	0.0.8		d354fccfc897b9aa7472421911c674d9f2199fb7
com.bumble.appyx	appyx-processor-jvm	2.0.0		5a709136cbd6a0fbaf47a5c5b2b3cea149ce5be1
com.bumble.appyx	appyx-processor-jvm	2.0.0-alpha10		0bce4d4e30f3b106293093ff2e810783cb0d8538
com.bumble.appyx	appyx-processor-jvm	2.0.1		5a709136cbd6a0fbaf47a5c5b2b3cea149ce5be1
com.cedarsoft	tornadofx	8.4.0		7930481da096e3df87e9957297d97c7fcf6ffd98
com.cedarsoft	tornadofx	8.5.0		ff7e004c27adc1173d5a4987acab4eaf6b287ea3
com.cedarsoft	tornadofx	8.5.1		45beee5a0b055c9f0931650cf133f599f3139d16
com.cedarsoft	tornadofx	8.7.0		04b5d5ed6d2af55bb4aeeb62a5666c52150e6e53
com.codemettle.jsactor	jsactor-bridge-shared-upickle_2.12	0.7.0		180b70594e6c0e68cfa201c0800d98ece9d7734d
com.codemettle.jsactor	jsactor-bridge-shared-upickle_2.12	0.7.1		bd6519e197f96cc4375fa0820b865db200a92bc6
com.codemettle.jsactor	jsactor-bridge-shared-upickle_2.12	0.7.2		073c22749880531aca8347e90eebe7ce172d7088
com.codemettle.jsactor	jsactor-bridge-shared-upickle_2.12	0.8.0		9f2e41c427e10df9607255b7e1b817c2fd20c571
com.freeletics.flowredux	flowredux-watchosx64	1.1.0		N/A
com.freeletics.flowredux	flowredux-watchosx64	1.1.0	metadata	2ad14aed781c4a73ed4dbb421966d408a0a06686
com.freeletics.flowredux	flowredux-watchosx64	1.2.0		N/A
com.freeletics.flowredux	flowredux-watchosx64	1.2.0	metadata	2ad14aed781c4a73ed4dbb421966d408a0a06686
com.freeletics.flowredux	flowredux-watchosx64	1.2.1		N/A
com.freeletics.flowredux	flowredux-watchosx64	1.2.1	metadata	2ad14aed781c4a73ed4dbb421966d408a0a06686
com.freeletics.flowredux	flowredux-watchosx64	1.2.2		N/A
com.freeletics.flowredux	flowredux-watchosx64	1.2.2	metadata	2ad14aed781c4a73ed4dbb421966d408a0a06686
com.fullfacing	keycloak4s-admin-ce3_2.13	3.2.0		78ef9c133b326c0c0bed4bec8948e9be08599ae1
com.fullfacing	keycloak4s-admin-ce3_2.13	3.2.1		f02631aaff5aa42723823b955ad4096415bc9460
com.github.crabs-hue.commons	commons-exceptions	0.0.2		c47c99e855e4646da75a88939173fbfde56972cd
com.github.crabs-hue.commons	commons-exceptions	0.0.3		4b0bdcf2c267e3609fad8ec5b115ae3c84a52922
com.github.crabs-hue.commons	commons-exceptions	0.1.0		9bfa8747d04badda046a5ffecc8d334ecf8192ef
com.github.crabs-hue.commons	commons-exceptions	0.10.0		2f333bd86148a953ddc8f7ad28b8b5e8f95db0dc
com.github.crabs-hue.commons	commons-exceptions	0.11.0		ce9cfb4d8052e34fb08505040cab320a3b456148
com.github.crabs-hue.commons	commons-exceptions	0.12.0		4277208e22e67946103e06dc26d4459f59ef6172
com.github.crabs-hue.commons	commons-exceptions	0.13.0		8d2a6d810152853842d0020dc27110dfe27bb068
com.github.crabs-hue.commons	commons-exceptions	0.14.0		f0127f199bc213854774a20fc166fb2f3ee58180
com.github.crabs-hue.commons	commons-exceptions	0.2.0		dc9b13cbde51f03b69a3ca30d0c09c7da72ea1fb
com.github.crabs-hue.commons	commons-exceptions	0.3.0		dcd8ba3539283bb4cdbe23395e2da4db7754db13
com.github.crabs-hue.commons	commons-exceptions	0.4.0		80efaeedb3b86838c08fbd312f227c30bd59ec22
com.github.crabs-hue.commons	commons-exceptions	0.5.0		51e578cf834cd9a33a48b71f7a4715f565689e5b
com.github.crabs-hue.commons	commons-exceptions	0.6.0		5b0f9a1eac79f78c86065d5dbe65fa5fad40feff
com.github.crabs-hue.commons	commons-exceptions	0.7.0		2fdf4003e06b2d38692098bc7daac948425c3f9d
com.github.crabs-hue.commons	commons-exceptions	0.8.0		505007a42a4ac62247977de321526305486f3fa2
com.github.crabs-hue.commons	commons-exceptions	0.9.0		db8b1a57facabda90e4a2f75bf5c670947c49166
com.github.crabs-hue.commons	commons-exceptions	1.0.0		4a289ee47ff4d64178a83112fee4d691b4442c04
com.github.crabs-hue.commons	commons-exceptions	1.1.0		d8f54fc39dc7a363120b8eef0626187dcea5fc50
com.github.geirolz	fly4s_2.13	0.1.0		eabaed70b88483a4f2a2975a3d36fbb75e5ab4bb
com.github.geirolz	fly4s_2.13	0.1.1		2a35d7c1fe9904d5aa5026920d4e0108fc2b21e8
com.github.geirolz	fly4s_2.13	1.0.0		771b7a39620dee80d1caf727645641112eafce72
com.github.geirolz	fly4s_2.13	1.0.1		3f79fd65cbcc2376420fc8618633c5c6dc9fa093
com.github.geirolz	fly4s_2.13	1.0.2		45cc473b16bb9ade13ceba906cb705a5ce5a42da
com.github.geirolz	fly4s_2.13	1.0.3		0a7d4dd1bcaf208e7d8b199446ba6fa126c9bc06
com.github.geirolz	fly4s_2.13	1.0.4		4aff5e8130a4c85d18b5c0ef00dc9a59753b7d85
com.github.geirolz	fly4s_2.13	1.0.5		74fdc699b442498ecc4c40088b2e1225f6306092
com.github.geirolz	fly4s_2.13	1.0.6		12f2a097bfdfc80efbfc53d7a7269a5a7c4debbb
com.github.geirolz	fly4s_2.13	1.0.7		13104d30845a5e6001e3cb9e6c6c8b1e052d889f
com.github.geirolz	fly4s_2.13	1.0.8		6cd6c2db6f7fefdcfdba1c98abdb251002cfcab5
com.github.geirolz	fly4s_2.13	1.0.9		ad0e0927df051c2b018651d31f7cbe182992c507
com.github.geirolz	fly4s_2.13	1.1.0		6b72d506f308f9abe822a74391f2081966583f88
com.github.senssic	sc-base-api	1.0.0		ad894bbc5a55dda193d48d4d6d01b2c22f4433f0
com.github.xuwei-k	optparse-applicative_sjs1_3	0.9.2		89f8580531e30ba0c38d82aa9618f764c9b372e9
com.github.xuwei-k	optparse-applicative_sjs1_3	0.9.3		f4a0a499dd23eb64104b8601d47af2380f852735
com.github.xuwei-k	optparse-applicative_sjs1_3	0.9.4		7a60247b142b7b1c8740faa7c946b4d257ce0b81
com.github.xuwei-k	scodec-msgpack_2.11	0.7.0		5c0e03f698e53a592bc206ea449a7582da3ca714
com.github.zakgof	table-wasm-js	1.0.1		N/A
com.google.android.horologist	horologist-compose-testing	0.0.19		N/A
com.jgeppert.struts2.jquery	struts2-jquery-richtext-plugin	2.1.0		c91829e90505f766e67480c14987fbd72c7b0ed5
com.jgeppert.struts2.jquery	struts2-jquery-richtext-plugin	2.1.1		55b959f6c2684f9c82a843b2bb65358030dea279
com.jgeppert.struts2.jquery	struts2-jquery-richtext-plugin	2.2.0		d61e80baae1c6bd211ee3f435983afa923b52f6f
com.jgeppert.struts2.jquery	struts2-jquery-richtext-plugin	2.2.1		0fec60fa5e0a576ba45c98232ebc4e02568224a3
com.jgeppert.struts2.jquery	struts2-jquery-richtext-plugin	2.2.2		a6e2df2674e8afbc3a70e04935d39929fec7c806
com.jgeppert.struts2.jquery	struts2-jquery-richtext-plugin	2.3.0		9b9dad411bc3a05059a68524328508c8836c3dc0
com.jgeppert.struts2.jquery	struts2-jquery-richtext-plugin	2.3.1		0ea0a1e3f9651eebd5f898e297e3a21c500244ad
com.jgeppert.struts2.jquery	struts2-jquery-richtext-plugin	2.4.0		e87c68d885ef2df29df42855dfddb56e90c26d12
com.jgeppert.struts2.jquery	struts2-jquery-richtext-plugin	2.4.1		7cdbb637989bfc2925d0a92d8b5f92719c124eb9
com.jgeppert.struts2.jquery	struts2-jquery-richtext-plugin	2.5.0		2d1d2a6c62c0cfb1e72fab34951ee8e05c173a33
com.jgeppert.struts2.jquery	struts2-jquery-richtext-plugin	2.5.1		42da03f0dc0cf117cb75fd93c54392bd80bbfa70
com.jgeppert.struts2.jquery	struts2-jquery-richtext-plugin	2.5.2		910f28991adcab827bb62b4154acf607255c7140
com.jgeppert.struts2.jquery	struts2-jquery-richtext-plugin	2.5.3		941828bd332e13073f69b917142287984d8a24d2
com.jgeppert.struts2.jquery	struts2-jquery-richtext-plugin	3.0.0		a75e14e846f0d5f68b23c317240c78bcb08b13e6
com.jgeppert.struts2.jquery	struts2-jquery-richtext-plugin	3.0.1		f718009d5141a46712e8321abdc73ba76b710e53
com.jgeppert.struts2.jquery	struts2-jquery-richtext-plugin	3.0.2		295b0511c9a77ed681eb19d2e6b159c14bc631a2
com.jgeppert.struts2.jquery	struts2-jquery-richtext-plugin	3.1.0		b1e63f2808975a110ff2d3b459388ea9eda1936d
com.jgeppert.struts2.jquery	struts2-jquery-richtext-plugin	3.1.1		bb613b3d36ee2440edb4df7ecd78d9b949a7e158
com.jgeppert.struts2.jquery	struts2-jquery-richtext-plugin	3.2.0		b5164ae6650abbd713d266ae6c68e7e17af5c577
com.jgeppert.struts2.jquery	struts2-jquery-richtext-plugin	3.2.1		f75079f408dac1e23af7da05c28dfacbdb3e5caa
com.jgeppert.struts2.jquery	struts2-jquery-richtext-plugin	3.3.0		9ef1d00cf628321dbf7b715dd6071840d10dbc19
com.jgeppert.struts2.jquery	struts2-jquery-richtext-plugin	3.3.1		177b399a6d5fc7ba5206be1f679249f0152bbb18
com.jgeppert.struts2.jquery	struts2-jquery-richtext-plugin	3.3.2		N/A
com.jgeppert.struts2.jquery	struts2-jquery-richtext-plugin	3.3.3		86d7b8f04f8a659acc26b03b9daccd30a67e3c0b
com.jgeppert.struts2.jquery	struts2-jquery-richtext-plugin	3.4.0		2f86d7807760c796ed6e8f78f57dda5b707028ac
com.jgeppert.struts2.jquery	struts2-jquery-richtext-plugin	3.5.0		d512d7028f30416ffbb4af4b7e5fd508c5532ef5
com.jgeppert.struts2.jquery	struts2-jquery-richtext-plugin	3.5.1		43d54c295ec231883c546361bd55129f988fba9d
com.jgeppert.struts2.jquery	struts2-jquery-richtext-plugin	3.6.0		d7de293c166186727924120ccac9363193544a24
com.jgeppert.struts2.jquery	struts2-jquery-richtext-plugin	3.6.1		e967ec1494efd930de4673a5c28b6ca84c8420f4
com.jgeppert.struts2.jquery	struts2-jquery-richtext-plugin	3.7.0		e75a70226eeb435a0b209cf70998168dbcae055f
com.jgeppert.struts2.jquery	struts2-jquery-richtext-plugin	3.7.1		6f4a50634aba7db5f338c93e5174e2d8ec8279a6
com.jgeppert.struts2.jquery	struts2-jquery-richtext-plugin	4.0.1		871fa7fd803fa9e4cc924bd4e858af9d450a6e1b
com.jgeppert.struts2.jquery	struts2-jquery-richtext-plugin	4.0.2		dcaa34cbaa5315fbd1084746ba55e1d88c73c8fb
com.jgeppert.struts2.jquery	struts2-jquery-richtext-plugin	4.0.3		b7bfdf7342a3e4175b308154d50b96d8312ddf72
com.jgeppert.struts2.jquery	struts2-jquery-richtext-plugin	5.0.0		e250e794bcd386d9ae1fba6cca2b5013429220eb
com.jgeppert.struts2.jquery	struts2-jquery-richtext-plugin	5.0.1		7d1238d87bafd36f9e9669c680dcce258e33b111
com.jgeppert.struts2.jquery	struts2-jquery-richtext-plugin	5.0.2		a3fc310ef41930d1aafc446993e64c6d1cb3b3f5
com.jgeppert.struts2.jquery	struts2-jquery-richtext-plugin	5.0.3		65df877fd8260f6a35cc2c0eb183e1dcdac5ef63
com.jgeppert.struts2.jquery	struts2-jquery-richtext-plugin	5.0.4		d6ac97819ec22815808573f23d1096386ef86246
com.jgeppert.struts2.jquery	struts2-jquery-richtext-plugin	5.0.5		9ad93d5b4e742cc53d0300c0664499474cd4ae22
com.jgeppert.struts2.jquery	struts2-jquery-richtext-plugin	5.0.6		014cb924e4c627ec4609d9f7b0e1b9546b1f8daa
com.jgeppert.struts2.jquery	struts2-jquery-richtext-plugin	5.0.7		345a00c2a5a737f171ebe909f6be8a8fc3a562b4
com.jgeppert.struts2.jquery	struts2-jquery-richtext-plugin	6.0.0		ca9e1385350687c0a5f4a8c70c652894866b62d0
com.jgeppert.struts2.jquery	struts2-jquery-richtext-plugin	6.0.1		246468e450cccaa511433d8bcf4b3f890ac122e2
com.kotliny.network	kotliny-network-engine	1.0.0		105467be94db0b17fc3970fd78386b18b229cd7b
com.linecorp.planetkit	planetkit	0.0.100		N/A
com.linecorp.planetkit	planetkit	0.0.101		N/A
com.linecorp.planetkit	planetkit	0.0.102		N/A
com.linecorp.planetkit	planetkit	0.0.103		N/A
com.linecorp.planetkit	planetkit	0.0.104		N/A
com.linecorp.planetkit	planetkit	0.0.105		N/A
com.linecorp.planetkit	planetkit	0.0.106		N/A
com.linecorp.planetkit	planetkit	0.0.107		N/A
com.linecorp.planetkit	planetkit	0.0.108		N/A
com.linecorp.planetkit	planetkit	0.0.109		N/A
com.linecorp.planetkit	planetkit	0.0.110		N/A
com.linecorp.planetkit	planetkit	0.0.111		N/A
com.linecorp.planetkit	planetkit	0.0.112		N/A
com.linecorp.planetkit	planetkit	0.0.113		N/A
com.linecorp.planetkit	planetkit	0.0.114		N/A
com.linecorp.planetkit	planetkit	1.0.0		N/A
com.linecorp.planetkit	planetkit	4.3.17		N/A
com.linecorp.planetkit	planetkit	5.1.20		N/A
com.linecorp.planetkit	planetkit	5.1.null		N/A
com.linecorp.planetkit	planetkit	5.3.0		N/A
com.linecorp.planetkit	planetkit	5.3.3		N/A
com.linecorp.planetkit	planetkit	5.4.0		N/A
com.linecorp.planetkit	planetkit	5.4.1		N/A
com.linecorp.planetkit	planetkit	5.4.2		N/A
com.linecorp.planetkit	planetkit	5.4.4		N/A
com.linecorp.planetkit	planetkit	5.4.5		N/A
com.linecorp.planetkit	planetkit	5.5.0		N/A
com.linecorp.planetkit	planetkit	5.5.1		N/A
com.linecorp.planetkit	planetkit	5.5.2		N/A
com.metsci.glimpse	glimpse-util	2.1.1		dcbe2d04f8eeae565770f2517bd47a8681da90d2
com.metsci.glimpse	glimpse-util	2.1.2		e336be6a50ffc2da0dd000463ad29eba848555a5
com.metsci.glimpse	glimpse-util	2.1.3		f7021d6fc0866a7f05c5ffb3f818de6c8240f049
com.metsci.glimpse	glimpse-util	2.1.4		7b5eb85572f5da84f3b69b580bb509dfaf48a75a
com.metsci.glimpse	glimpse-util	2.2.0		f78c63c65e5c9dfd3d40f15e950887fd3a7038d2
com.metsci.glimpse	glimpse-util	2.3.0		780da603764d296a9d4cc8f881cdc80d4c9da839
com.metsci.glimpse	glimpse-util	2.4.0		8c407380e9a94683a2eca680e19cba95c0b29eed
com.metsci.glimpse	glimpse-util	2.5.0		9ad63e9db0a5bd7f5d0b603c9e861f21c39011a6
com.metsci.glimpse	glimpse-util	2.5.1		c4d5f7a90f644fd20bdf7f97cd094a7e624c0d5d
com.metsci.glimpse	glimpse-util	3.0.0		c80d1708fb79be4e6749058bdae807070f8a979b
com.metsci.glimpse	glimpse-util	3.1.0		c78397af7f8cdf9710c9535efbfca5873cec6be4
com.metsci.glimpse	glimpse-util	3.2.0		05afceb452b349efc02c59d55b13a0b62c59c780
com.metsci.glimpse	glimpse-util	4.0.0		a646f75083183df7eb7b35b1ca03b55fcb74d1d1
com.minimob	library	1.0.2		N/A
com.minimob	library	1.0.3		N/A
com.minimob	library	1.0.4		N/A
com.minimob	library	1.0.5		N/A
com.minimob	library	1.0.6		N/A
com.minimob	library	1.0.7		N/A
com.minimob	library	1.0.8		N/A
com.minimob	library	1.0.9		N/A
com.oracle.database.graph	pgql-lang	1.4.1.4.0		563c0238db94fc1ca30d22064e8f5e9ae3622c46
com.oracle.database.graph	pgql-lang	1.5.0.1		c6d95c6f0aa8225b450d0ccbbd32a06e4b2a3a37
com.oracle.database.graph	pgql-lang	1.5.0.2		61bc89601b03f042ff3bc50894680219a4c8a372
com.oracle.database.graph	pgql-lang	2.0.1.7		cccf3d73489a1e9403f3b48dc32d360f947c6eae
com.oracle.database.graph	pgql-lang	2.0.10.12		3a0ee1a5a6c88a77084e01a758fef016e33f7437
com.oracle.database.graph	pgql-lang	2.0.3.4		5796fe95b629ab581ef012fcd237a4fbb8935399
com.oracle.database.graph	pgql-lang	2.0.7.5		e3af721ed81a9097bb847ea243750fbf9eadc0d9
com.oracle.database.graph	pgql-lang	2.0.8.2		3153cba8d50a38d461c2344cb77e85887153720a
com.oracle.database.graph	pgql-lang	2.0.9.1		c9228c5a52cf54e959fe655bca6230b7a74ede4c
com.oracle.database.graph	pgql-lang	2.0.9.2		f36c981f8d192ba1c631eaefffa6a03a2e540a30
com.rklaehn	radixtree_sjs0.6_2.12	0.5.0		3c55739e396d1a209aa2cd1f7ae899056e86a4a1
com.rklaehn	radixtree_sjs0.6_2.12	0.5.1		8557f852c70c053a0e9bedf7bd61a6d6da39af6a
com.soento	soento-client-core	1.1.1-RELEASE		6bd779728c57b87a9aac7600bc570e064d554c4a
com.soento	soento-client-core	1.1.10-RELEASE		7907f902ad6a4712014eccf72e89141c84cb738d
com.soento	soento-client-core	1.1.11-RELEASE		f5f867f9942becd57bc203d024c3cf0ff66bb4a8
com.soento	soento-client-core	1.1.13-RELEASE		6799ceb7525ea5152c9a7926dcc8cfd71d00f7b7
com.soento	soento-client-core	1.1.2-RELEASE		013d6076442325a1342dcf82284aa380917787f3
com.soento	soento-client-core	1.1.4-RELEASE		46f41342d7f188ac720306f5261e99090f376d07
com.soento	soento-client-core	1.1.5-RELEASE		8a25b23e0bca8d9fa1891cbbe9c4dec6b670fca7
com.soento	soento-client-core	1.1.7-RELEASE		ee1064e5e90465b19362ea6539683ec5a50065a9
com.soento	soento-client-core	1.1.8-RELEASE		d4438683b9d701b6c213787b4fc7c4ea5fb6c6d6
com.soento	soento-client-core	1.2.0-RELEASE		294b35a3d2f207fd0b38ace092b338640cca25fe
com.soento	soento-client-core	1.2.1-RELEASE		dfbc2f9c44de7213f4a5a88313d0ba54cb40fa15
com.soento	soento-client-core	1.2.2-RELEASE		cef83a203e7720a76e15b0175147c52f57d2d6aa
com.soento	soento-client-core	1.2.3-RELEASE		4b1024ab6eb00e7f11796ec32db16ac22e03abb4
com.soento	soento-client-core	1.2.4-RELEASE		1d229206a0d73da40510b39f5eba301beddc85d8
com.soento	soento-client-core	1.2.5-RELEASE		b8cf0acb92256ca1d9d47ea1db3b301a6d8b6622
com.willowtreeapps	oak-instrumentation	1.1.6		9e8ffb83d15d6c3131a0bd7df36101312b26a35c
com.willowtreeapps	oak-instrumentation	1.1.7		8b61ee37d6d4b911f430643f55834798a3459fab
com.willowtreeapps	oak-instrumentation	1.1.9		9504111ba3f86ceff0fd357f8b67c01b0102dba1
com.willowtreeapps	oak-instrumentation	1.2.0		7fdcbbc287d7d4b378edd43ab4d5599cd14d442a
com.willowtreeapps	oak-instrumentation	1.3.0		44a275aeeecc83a777e3d72388ba5675f24c882d
com.willowtreeapps	oak-instrumentation	1.3.1		7182eac88d62579601bf0019c6a7c6112d55882b
com.willowtreeapps	oak-instrumentation	1.3.2		52c4a659133063e09e836937f95d6ac6215455da
com.willowtreeapps	oak-instrumentation	1.3.3		ce0910f0dafb3aded290365592f796ac16476315
com.willowtreeapps	oak-instrumentation	1.3.6		115e1ddedf947c18c69f1d7d44a64e32a1ece115
com.willowtreeapps	oak-instrumentation	1.3.7		15820773e1a85477ea72a3f055388a79d0cc45d5
com.willowtreeapps	oak-instrumentation	1.3.8		2663ca50c22840f833fa711c82dc8e785f785c13
com.willowtreeapps	oak-instrumentation	1.4.0		5397905c68b0aaf0b69f00e887c3fe57b7319833
com.willowtreeapps.assertk	assertk-androidnativearm32	0.26		N/A
com.willowtreeapps.assertk	assertk-androidnativearm32	0.26.1		N/A
com.willowtreeapps.assertk	assertk-androidnativearm32	0.27.0		N/A
com.willowtreeapps.assertk	assertk-androidnativearm32	0.28.0		N/A
com.willowtreeapps.assertk	assertk-androidnativearm32	0.28.1		N/A
dev.bantu	bantu-accounts-api	0.1.0		aa75b88560a2d9c59d164fbb325ea12c11030fe8
dev.bantu	bantu-accounts-api	0.1.1		5720e05c97691201627a20378262b0ddc9898fa6
dev.bantu	bantu-accounts-api	0.1.2		c1e901023213226c7152af812fe276d8870fb937
dev.bantu	bantu-accounts-api	0.1.4		884ba5d810997aa5bdf97554e79e1b9bcdde8422
dev.bantu	bantu-accounts-api	0.1.5		98f21ddd0e59757bf70e63f229048f0e611c72fd
dev.bantu	bantu-accounts-api	0.1.6		968b728de90a953fbbbf5b69928da722982a2d8f
dev.bantu	bantu-accounts-api	0.1.7		6de6108a27a1b347ea59399cfad44ef1b4e9a419
dev.bantu	bantu-accounts-api	0.1.8		779c72983f84d5ca0ee5488ec9b2aa49d1f7a034
dev.bantu	bantu-accounts-api	0.1.9		e59594ca2e0118ad221d58ce150b5f4c79a80f86
dev.bantu	bantu-accounts-api	0.2.0		71a3d6c1f24c1860058966f2d52cfcec8780facc
dev.bantu	bantu-accounts-api	0.2.1		14a220ce4d8fa903c24191c9af7c0acdec74d2c4
dev.bantu	bantu-accounts-api	0.2.2		6da04e914918221a43e43483da7bd88150e103e8
dev.elide	elide-rpc	1.0-v3-alpha3-b7		9286dde9927bb2babe4bfa38ce57d3e483e7ffa6
dev.elide	elide-rpc	1.0-v3-alpha4-b11		a0de3efdf6ad3ef9a32d3e58576b6b66c4139d0b
dev.elide	elide-rpc	1.0-v3-alpha4-b12		a0de3efdf6ad3ef9a32d3e58576b6b66c4139d0b
dev.elide	elide-rpc	1.0-v3-alpha5-b13		a0de3efdf6ad3ef9a32d3e58576b6b66c4139d0b
dev.elide	elide-rpc	1.0-v3-alpha5-b14		a0de3efdf6ad3ef9a32d3e58576b6b66c4139d0b
dev.elide	elide-rpc	1.0.0-alpha7		8b2d2a6194e4cf0697a772b0e7a71ae7b4cf135b
dev.elide	elide-rpc	1.0.0-alpha8		d1e4b15138699217dd385a7cae3978cfb80cd280
dev.elide	elide-rpc	1.0.0-alpha9		b7f6ddedda963ed7bdbcc1a836d4365cc10da03f
eu.digitisation	utils	0.2.1		N/A
exo	exoplatform.test.framework	1.0		5a8ee5e0a95e2a53d15e251242aa12a47905b746
io.bitbucket.5faces	common-cloud-server	0.0.1		eaa435660e923678d9a455373d1f348e29aec39a
io.bitbucket.5faces	common-cloud-server	0.0.10		3f3dfbb689d1b0813c4fa66990cae1c4643862a7
io.bitbucket.5faces	common-cloud-server	0.0.11		2300de876e0c56113862b66c0f5e2d9956175b5d
io.bitbucket.5faces	common-cloud-server	0.0.12		0cfb0ca3ca0d87d6c5b5bdf0f374844cdf9e2201
io.bitbucket.5faces	common-cloud-server	0.0.13		a7a04f7d17529f21a9a85fa503e7174163a61f4b
io.bitbucket.5faces	common-cloud-server	0.0.14		bbe0ba0ffc1ce99025a7adee64d118ca2608a275
io.bitbucket.5faces	common-cloud-server	0.0.15		eb311c35ff3cffaa70c8c9bec34f1501c15e8e5d
io.bitbucket.5faces	common-cloud-server	0.0.16		fba53bdf634597964b45bf45c4d666d4283101fa
io.bitbucket.5faces	common-cloud-server	0.0.17		724b9bb641cbceb7977fc51f59d1438d26138ee6
io.bitbucket.5faces	common-cloud-server	0.0.18		d062a5e668b6079d875a00ba78d74dc3cfc46cbf
io.bitbucket.5faces	common-cloud-server	0.0.19		838e2e82a7ede48943cd735fd96a2916ed1a3372
io.bitbucket.5faces	common-cloud-server	0.0.2		193cb0af23fcc316b8858bfc9764ded87e503695
io.bitbucket.5faces	common-cloud-server	0.0.20		c2f8af0b081008dce1ad08a797f8a2b6bfa298c5
io.bitbucket.5faces	common-cloud-server	0.0.21		049ce3267e6c3ec6f2d5ff107459c0a854228a3b
io.bitbucket.5faces	common-cloud-server	0.0.22		b8efdc5a2de4cf05f0143bdea51ff9b08db2dcd5
io.bitbucket.5faces	common-cloud-server	0.0.23		61b0aa33f76e63ddd57c4d6e9a319c30ec286ba8
io.bitbucket.5faces	common-cloud-server	0.0.24		5b3430d05902624c9641493631fe2c4e83fc0fee
io.bitbucket.5faces	common-cloud-server	0.0.25		714137430234eade4438de0fd1862ba0c8ca8a80
io.bitbucket.5faces	common-cloud-server	0.0.26		d050c0e49a49adcf63fecd83f7ed1ff9b499ab1c
io.bitbucket.5faces	common-cloud-server	0.0.27		21fda31d76fd5c1c1e5fe008550e31eb79d9c27b
io.bitbucket.5faces	common-cloud-server	0.0.28		5725f54a2b9a3dd2e3f03ff93a255581f10552ba
io.bitbucket.5faces	common-cloud-server	0.0.29		87fdc5ea9e58708960af793bf9db93fb8e74e325
io.bitbucket.5faces	common-cloud-server	0.0.3		7eea248e9e04db76f72a987916822da08674496d
io.bitbucket.5faces	common-cloud-server	0.0.30		b16843c833606f0532e1fb1c2cdf601d2fed0e8b
io.bitbucket.5faces	common-cloud-server	0.0.31		309e8a560fff61cc50efd1f1b68b3e09782cc73c
io.bitbucket.5faces	common-cloud-server	0.0.32		cb5e8b954ca671a29686ec74f0df9597c8fbbd49
io.bitbucket.5faces	common-cloud-server	0.0.33		149554e450029934670438d16d060c36407ce009
io.bitbucket.5faces	common-cloud-server	0.0.34		b55e494d6b894d52ca7fdf6e828f60d26e9b4a8d
io.bitbucket.5faces	common-cloud-server	0.0.35		b6c6a9f08c580ef3bee3452fcfcb948592a3406b
io.bitbucket.5faces	common-cloud-server	0.0.36		802ca03b8ba1df3cb72f81ed52c3be07c86a4796
io.bitbucket.5faces	common-cloud-server	0.0.37		85dfa7b82f99a8ea9e2cf68e1f03b3535d282089
io.bitbucket.5faces	common-cloud-server	0.0.38		718cc4e61ce028da93e1e0cb3fd571d2781b329a
io.bitbucket.5faces	common-cloud-server	0.0.39		d0cadfb5d8c7443347a1cac4ba121087d5a18d77
io.bitbucket.5faces	common-cloud-server	0.0.40		305b577ee9d88087a54f1b2042f067d139bb7a53
io.bitbucket.5faces	common-cloud-server	0.0.41		5ceeda86f8cdbba75b6987e0f83c03fe06202d99
io.bitbucket.5faces	common-cloud-server	0.0.42		4aab516f643f5612170e470eda0258883d1c377e
io.bitbucket.5faces	common-cloud-server	0.0.43		f5fd3981cc543950fa444fa978cf1783662dd1ef
io.bitbucket.5faces	common-cloud-server	0.0.44		c1c5f0dabb119218b91b34644c59558268c031f1
io.bitbucket.5faces	common-cloud-server	0.0.45		db2ea13009872e8e56c192c9e259f8736300450a
io.bitbucket.5faces	common-cloud-server	0.0.46		d9fa5b461d6f77fecf9b11d9a70b09a5fd3f9ea2
io.bitbucket.5faces	common-cloud-server	0.0.47		95f93a82b4d1cc0ecbbacb3012107c7505b82497
io.bitbucket.5faces	common-cloud-server	0.0.48		254b9200c8a5f47b2d60e097a2838bf47dd4dd02
io.bitbucket.5faces	common-cloud-server	0.0.49		2b5ffe4b67307d55bef2178cfa7e94d1da9854fc
io.bitbucket.5faces	common-cloud-server	0.0.50		a5139f1c9bfbca9636d4e3518191ca70a549a6e2
io.bitbucket.5faces	common-cloud-server	0.0.51		e291c94fbb0047e5ab4052a88027f976f5fb21b7
io.bitbucket.5faces	common-cloud-server	0.0.52		db0bbe2c49cae566c84ca8c0a8cb8452276c534e
io.bitbucket.5faces	common-cloud-server	0.0.53		fc66edb88d8546a5fb43f3528439b9a8c331fd08
io.bitbucket.5faces	common-cloud-server	0.0.54		510778063e7cd9dd6987e8be1c8a667667be75ee
io.bitbucket.5faces	common-cloud-server	0.0.55		e12779dd2f0b63b5335cb07b10e5e77a0b1f9fd3
io.bitbucket.5faces	common-cloud-server	0.0.56		41a12ff6643240ae7a9f6b066a9b2258305d9aef
io.bitbucket.5faces	common-cloud-server	0.0.57		c0776a9d8fa8f9dd2a6b52e705f9293103651581
io.bitbucket.5faces	common-cloud-server	0.0.60		8f69f11f48a51f16bd4ad65b88bec6eb1bd305ad
io.bitbucket.5faces	common-cloud-server	0.0.61		e61df8ff0eea81508cede02d352600d201ed7460
io.bitbucket.5faces	common-cloud-server	0.0.63		bb7fdb6773855ec8630212144465b76bed151942
io.bitbucket.5faces	common-cloud-server	0.0.64		72573c4a49ab225b02ae125cdfc957f6b41800c6
io.bitbucket.5faces	common-cloud-server	0.0.65		f4902f16dd14679fedca49bb2390369bfc27acf8
io.bitbucket.5faces	common-cloud-server	0.0.66		0ea532d3b01e52f76687c2a3bf5caf1038f2c758
io.bitbucket.5faces	common-cloud-server	0.0.67		879d21748f9c8e0a52a649696f18c61b07deec96
io.bitbucket.5faces	common-cloud-server	0.0.68		64209e993f9395d50a0fdd05268a39905b4237aa
io.bitbucket.5faces	common-cloud-server	0.0.69		3f03b1832d09fc27d41628504bce79a02594c10f
io.bitbucket.5faces	common-cloud-server	0.0.8		b8c5057149e09bead3623ee01eb316d5868f9ab0
io.bitbucket.5faces	common-cloud-server	0.0.9		efcc81dfba85d6ca82d0361e46580e356aa956b1
io.bitbucket.5faces	common-cloud-server	1.0.0		d92a161f0c5db9e719cb9d8374e3cac8475a8179
io.gitee.quanwenz	common-harbor-tools	1.0.3-20210907-6.RELEASE		N/A
io.gitee.quanwenz	common-harbor-tools	1.0.3-20210907-6.RELEASE	plain	84801d22e85f2dc0da9dc04fc446c322a3153174
io.gitee.quanwenz	common-harbor-tools	1.0.3-20210907-7		N/A
io.gitee.quanwenz	common-harbor-tools	1.0.3-20210907-7	plain	3b51a183504046d70eb53cd99415249cc8305da6
io.gitee.quanwenz	common-harbor-tools	1.0.3-20210907-8		N/A
io.gitee.quanwenz	common-harbor-tools	1.0.3-20210907-8	plain	c29d8b6a990217f6f1c83187d54eda145cb70458
io.gitee.quanwenz	common-harbor-tools	1.0.3-20210908-1		N/A
io.gitee.quanwenz	common-harbor-tools	1.0.3-20210908-1	plain	e4389082c40667b3af1c98a71d56bab9f8ed939a
io.gitee.quanwenz	common-harbor-tools	1.0.3-20210908-2		N/A
io.gitee.quanwenz	common-harbor-tools	1.0.3-20210908-2	plain	8e93a08583140d9b88ad602df201f2ebec77339a
io.gitee.quanwenz	common-harbor-tools	1.0.3-20210909-1		N/A
io.gitee.quanwenz	common-harbor-tools	1.0.3-20210909-1	plain	c97c92d62a317108699a6ff7650d6ea005c69608
io.gitee.quanwenz	common-harbor-tools	1.0.3-20210915-1		N/A
io.gitee.quanwenz	common-harbor-tools	1.0.3-20210915-1	plain	3714525bba5e0f566c11646bf34bd29bb601a1ca
io.gitee.quanwenz	common-harbor-tools	2.0.1-20211031-1		N/A
io.gitee.quanwenz	common-harbor-tools	2.0.1-20211031-1	plain	92b7d9f2d4ac0ca0a6e23edf9d8582e7f089e31d
io.gitee.quanwenz	common-harbor-tools	2.0.1-20211031-3		N/A
io.gitee.quanwenz	common-harbor-tools	2.0.1-20211031-3	plain	fe3e0828806abd9ed7d8298df368a62500893dd7
io.gitee.quanwenz	common-harbor-tools	2.0.2-20211206-1		N/A
io.gitee.quanwenz	common-harbor-tools	2.0.2-20211206-1	plain	63b047c2b3ed4f7866255f80fba3ec125b04c32a
io.gitee.quanwenz	common-harbor-tools	2.0.2-20211213-1		N/A
io.gitee.quanwenz	common-harbor-tools	2.0.2-20211213-1	plain	6e40c4aee982bcb7c0a77651157fb4f6a3caec6e
io.gitee.quanwenz	common-harbor-tools	2.0.2-20211221-1		N/A
io.gitee.quanwenz	common-harbor-tools	2.0.2-20211221-1	plain	72d0ef760752ad3ada254097f3bfd2877c93a134
io.gitee.quanwenz	common-harbor-tools	2.0.2-20211221-2		N/A
io.gitee.quanwenz	common-harbor-tools	2.0.2-20211221-2	plain	84d569d6d101e967c2bf809630cd53dd445efcb2
io.gitee.quanwenz	common-harbor-tools	2.0.2-20211231-1		N/A
io.gitee.quanwenz	common-harbor-tools	2.0.2-20211231-1	plain	2111d25ddef45de5292df3139750598e81c76af1
io.gitee.quanwenz	common-harbor-tools	2.0.2-20220126-1		N/A
io.gitee.quanwenz	common-harbor-tools	2.0.2-20220126-1	plain	9e756feff7fe76ef356f3722e2e27073499f5430
io.gitee.quanwenz	common-harbor-tools	2.1.0-20220426-1		N/A
io.gitee.quanwenz	common-harbor-tools	2.1.0-20220426-1	plain	fb7a0ed93b97221806b0c60d83315a6f18c84a7d
io.gitee.quanwenz	common-harbor-tools	2.1.0-20220426-2		N/A
io.gitee.quanwenz	common-harbor-tools	2.1.0-20220426-2	plain	f55f8b5cb9313f1d309acdfc7a720c06c90e0180
io.gitee.quanwenz	common-harbor-tools	2.1.1-20220525-1		N/A
io.gitee.quanwenz	common-harbor-tools	2.1.1-20220525-1	plain	b6dbe3c7b813ab798f0e172d353e856a104af75c
io.gitee.quanwenz	common-harbor-tools	2.1.1-20220530-1		N/A
io.gitee.quanwenz	common-harbor-tools	2.1.1-20220530-1	plain	6838687d035c14a02e0f75f33f7a6e2f479f0561
io.gitee.quanwenz	common-harbor-tools	2.1.2-20220704-1		N/A
io.gitee.quanwenz	common-harbor-tools	2.1.2-20220704-1	plain	df683ac4f70646adef0124ca3583940cf98ff71b
io.gitee.quanwenz	common-harbor-tools	2.1.3-20220929-1		N/A
io.gitee.quanwenz	common-harbor-tools	2.1.3-20220929-1	plain	c71a2fb353ad582e2f9a50a58c4fb501eed51a73
io.gitee.quanwenz	common-harbor-tools	2.1.3-20221116-1		N/A
io.gitee.quanwenz	common-harbor-tools	2.1.3-20221116-1	plain	deb770c555f795f7741dd73245c68c1e8062b95a
io.gitee.quanwenz	common-harbor-tools	2.1.7-20240107-2		N/A
io.gitee.quanwenz	common-harbor-tools	2.1.7-20240107-2	plain	cd863b44755b7b990d59ae43484efac36ab3faae
io.gitee.quanwenz	common-harbor-tools	3.0.0-20221130-1		N/A
io.gitee.quanwenz	common-harbor-tools	3.0.0-20221130-1	plain	531b3b1df200f39b8443d20963a95575c18ab8d5
io.gitee.quanwenz	common-harbor-tools	3.1.1-20240107-1		N/A
io.gitee.quanwenz	common-harbor-tools	3.1.1-20240107-1	plain	c826f0a00a7d93e9062fd20d8883f9e535d2a342
io.github.alleriawindrunner	jni-sdk	1.0.0		108f751398e73babe65210428d55f345ca058a48
io.github.andreypfau	kotlinx-crypto-hmac-iossimulatorarm64	0.0.2		N/A
io.github.andreypfau	kotlinx-crypto-hmac-iossimulatorarm64	0.0.2	metadata	6079bf679911f58319ab7e752fc07449f2164d28
io.github.andreypfau	kotlinx-crypto-hmac-iossimulatorarm64	0.0.3		N/A
io.github.andreypfau	kotlinx-crypto-hmac-iossimulatorarm64	0.0.3	metadata	6593f36398bbc22f94ef07becd309f94f3016d77
io.github.andreypfau	kotlinx-crypto-hmac-iossimulatorarm64	0.0.4		N/A
io.github.andreypfau	kotlinx-crypto-hmac-iossimulatorarm64	0.0.4	metadata	259f031980821cbc80ce7f683558db28dd3c1dd5
io.github.bcckzteam	analytics-android-debug	0.0.1		N/A
io.github.bcckzteam	analytics-android-debug	0.0.2		N/A
io.github.kevincianfarini.monarch	kotlinx-serialization-mixin-watchosarm32	0.1.0		N/A
io.github.kevincianfarini.monarch	kotlinx-serialization-mixin-watchosarm32	0.1.0	metadata	e4b90d2f8de4091681e8adb42b83612a9449fd05
io.github.kevincianfarini.monarch	kotlinx-serialization-mixin-watchosarm32	0.2.0		N/A
io.github.kevincianfarini.monarch	kotlinx-serialization-mixin-watchosarm32	0.2.0	metadata	ed00012d5d8a6014c347be9c75c835186c43c5f0
io.github.kevincianfarini.monarch	kotlinx-serialization-mixin-watchosarm32	0.2.1		N/A
io.github.kevincianfarini.monarch	kotlinx-serialization-mixin-watchosarm32	0.2.1	metadata	5747c5281838d6b35ddd1aa6597ddd31f49ea1f4
io.github.kevincianfarini.monarch	kotlinx-serialization-mixin-watchosarm32	0.2.2		N/A
io.github.kevincianfarini.monarch	kotlinx-serialization-mixin-watchosarm32	0.2.2	metadata	22fc149571fa2188184354d43c431e5e00c0c886
io.github.kevincianfarini.monarch	kotlinx-serialization-mixin-watchosarm32	0.2.3		N/A
io.github.kevincianfarini.monarch	kotlinx-serialization-mixin-watchosarm32	0.2.3	metadata	616dab6bb871cd570ba18277edf9a1960ca02256
io.github.kevincianfarini.monarch	kotlinx-serialization-mixin-watchosarm32	0.2.4	metadata	ac63d0e8273b5b5c8a5d70d046e0995b4c70eddb
io.github.konfork	konfork-core-js	0.0.1		16b42efe88db0249112ee62f8de30d05ba380b61
io.github.konfork	konfork-core-js	0.0.2		1b277d0b3fe3143d98f76a09833fa7588ad054be
io.github.konfork	konfork-core-js	0.0.3		7f339374c0afc830d13f604a7d7c71c66263166e
io.github.konfork	konfork-core-js	0.0.4		32d5b7af5a9710c537d57b76dd8cd7de82c8355b
io.github.konfork	konfork-core-js	0.0.5		555c0ea10a2222556ddeb3c2738d766a9fc94af3
io.github.konfork	konfork-core-js	0.0.6		N/A
io.github.l86400	framework-quant	1.2.0.2		N/A
io.github.orixent	quick-kv	0.0.1-beta01		N/A
io.github.orixent	quick-kv	0.0.1-beta02		N/A
io.github.orixent	quick-kv	1.0.0		N/A
io.github.orixent	quick-kv	1.0.1		N/A
io.github.vexcited.crowous	crowous-jvm	0.1.0		c926d9aff5edfc8ed4501eba89650446f887134d
io.github.xsavikx	org.restlet.ext.json	2.4.4		f71bd26a40f1b3b0f3cb4d2c4c845afc0d29678a
io.kotest.extensions	kotest-property-datetime-linuxx64	2.0.0		N/A
io.opentelemetry.javaagent.instrumentation	opentelemetry-javaagent-grpc-1.5	0.12.0		ec017562bdeb7219722b1d180e09551822f49f32
io.opentelemetry.javaagent.instrumentation	opentelemetry-javaagent-grpc-1.5	0.12.1		87b83014bb738f684fd466b43691374338cd0f16
io.opentelemetry.javaagent.instrumentation	opentelemetry-javaagent-grpc-1.5	0.13.0		a4438de25969367c86a929b50df9e02e198b0131
io.opentelemetry.javaagent.instrumentation	opentelemetry-javaagent-grpc-1.5	0.13.1		15709a06feec7fb678b6d81b0793e0c1fc365689
io.opentelemetry.javaagent.instrumentation	opentelemetry-javaagent-grpc-1.5	0.14.0		8fc0737020b0b27aef14c231bdb7f1f429f8222b
io.opentelemetry.javaagent.instrumentation	opentelemetry-javaagent-grpc-1.5	0.14.0	all	e26a14c8a3d6d93bb6780cef358e9177d30e6123
io.opentelemetry.javaagent.instrumentation	opentelemetry-javaagent-grpc-1.5	0.15.0		091c6ebefdbd2fe748b3e1cf180c1eb16892f105
io.opentelemetry.javaagent.instrumentation	opentelemetry-javaagent-grpc-1.5	0.15.0	all	2128bb1e2a5f1cd4dc09c3116ad6816f8b4b68dd
io.opentelemetry.javaagent.instrumentation	opentelemetry-javaagent-grpc-1.5	0.15.1		7a1b7ca0d255528a14e02ccbb7c26a9043cf2308
io.opentelemetry.javaagent.instrumentation	opentelemetry-javaagent-grpc-1.5	0.15.1	all	ac95413570b9e1f218ac10a117270ea0b74e6dd2
io.opentelemetry.javaagent.instrumentation	opentelemetry-javaagent-grpc-1.5	0.16.0		b5a1efccee00de0ea794344d5a6bf69409f8b878
io.opentelemetry.javaagent.instrumentation	opentelemetry-javaagent-grpc-1.5	0.16.0	all	d64d3f2aa9586fd12f03d7763d890d9098b5d3d2
io.opentelemetry.javaagent.instrumentation	opentelemetry-javaagent-grpc-1.5	0.16.1		a4dee57a30c6dca76cc88edd87f7b3bbff6a49be
io.opentelemetry.javaagent.instrumentation	opentelemetry-javaagent-grpc-1.5	0.16.1	all	60fb1c2f2550d0fe26a2f999226dfaa45c3c9c5c
io.opentelemetry.javaagent.instrumentation	opentelemetry-javaagent-grpc-1.5	0.17.0-alpha		b7ddd1e5bfdfbaa72f15459bc6834049d70bde6f
io.opentelemetry.javaagent.instrumentation	opentelemetry-javaagent-grpc-1.5	0.17.0-alpha	all	d54dbc0d963d1869994d9333479e5647d1c47814
io.opentelemetry.javaagent.instrumentation	opentelemetry-javaagent-grpc-1.5	1.0.0-alpha		4cadd01f9dcf434de4a9bff3eb986b79b20f53a8
io.opentelemetry.javaagent.instrumentation	opentelemetry-javaagent-grpc-1.5	1.0.0-alpha	all	2506034f2a80f8b45ced3761b86f1bf365046db0
io.opentelemetry.javaagent.instrumentation	opentelemetry-javaagent-grpc-1.5	1.0.1-alpha		d3186009f10de8cb4b60114a80c3e7ea8f44a2a1
io.opentelemetry.javaagent.instrumentation	opentelemetry-javaagent-grpc-1.5	1.0.1-alpha	all	d257d5f8d28d1812e17233b49d0553eb29374b91
io.opentelemetry.javaagent.instrumentation	opentelemetry-javaagent-grpc-1.5	1.1.0-alpha		bc29374add053a00b7405f3059c3dc0bb7622ad1
io.opentelemetry.javaagent.instrumentation	opentelemetry-javaagent-grpc-1.5	1.1.0-alpha	all	f5a98891f463f0e991c6fa223fe8ebc480248c01
io.tapack	allure-jbehave-reporter	0.1		e2fd9080da7fc5a7dd91953bc6891ff284d20686
ir.msob.jima.linker	linker-reports	1.3.0		N/A
is.cir	ciris-http4s_2.13	2.3.2		710ea30abfddb31c513d060e38d6d29726ce1ff3
is.cir	ciris-http4s_2.13	2.3.3		88b8be491f1a36ab779b43cc097bb827ebf43e46
is.cir	ciris-http4s_2.13	2.4.0		70564a5deea1c6c1c2f34242e01aa6ee5e97d606
is.cir	ciris-http4s_2.13	3.0.0		1982fda30b044bdb3d2dbf855a61524c7914030f
is.cir	ciris-http4s_2.13	3.0.0-RC1		47882f34e5e6914207d461df72df263ebf491c4c
is.cir	ciris-http4s_2.13	3.1.0		1cd114e4a157a880e6dbb735bd3979e0b8aaaa3e
is.cir	ciris-http4s_2.13	3.2.0		9f234e3ede0843c91062fa78400d3bc53bb7f9a6
is.cir	ciris-http4s_2.13	3.3.0		7bda16c9030f8f7e14de7403b60eec1a9a41e92a
is.cir	ciris-http4s_2.13	3.4.0		cdccc26d468901d20c8a1e236c4fb19aeb531670
is.cir	ciris-http4s_2.13	3.5.0		dbbcdacdce15ff1ed2e1a69204378458839f8b17
is.cir	ciris-http4s_2.13	3.6.0		371e624e3609c7e300261bfa3372ef6c198d4e4c
is.cir	ciris-http4s_2.13	3.7.0		a39d2f37efc34be92a625f842d5894eaffb577d8
is.cir	ciris-http4s_2.13	3.8.0		58ac49d11ed384bdfae8b00729485bdbb5b6b416
me.kenzierocks.auto.value	auto-value	1.5		b4c824ef4dcd0a222cb8241f0aa6a3b481001b4f
me.kenzierocks.auto.value	auto-value	1.6		9037b5073a1a5f9eed4d55df7c76db146649aa45
me.kenzierocks.auto.value	auto-value	1.7		7b6d37ac33ae3f92f3d0b9e236d5ea1b8e59e355
net.dreamlu	mica-cloud	1.1.0		d3b1876dc18a544928d2c13fdb98358200035376
net.dreamlu	mica-cloud	1.1.1		247222d33832abc704f835c3e71cbdba0243dce9
net.dreamlu	mica-cloud	1.1.2		9a69244847ee96c7ff7b81f839aed595b6c0f2f6
net.dreamlu	mica-cloud	1.1.3		1e4e146cd77ce5afc8e8cfead06e0df25702a60b
net.dreamlu	mica-cloud	1.1.4		010db12de78465e7fbe28df585255d36681fb286
net.dreamlu	mica-cloud	1.1.5		a287feb411c6f447d7092c6e1b0023679944984f
net.dreamlu	mica-cloud	1.1.6		4a7087593f8f18faca0b32e4970099167e3c000b
net.dreamlu	mica-cloud	1.1.7		36d97ee587f3070f432219c056e9fda607dcd98a
net.dreamlu	mica-cloud	1.1.8		541305e5ceb609b87572e35e4c3f1b93d61a340c
net.dreamlu	mica-cloud	1.1.9		84d5420d9fef05a6a25631dfa9011237b2ef8180
net.dreamlu	mica-cloud	1.2.0		7d022e4920c7bb87db6d6d13b19ac6a54923b8a0
net.dreamlu	mica-cloud	1.2.1		71b6f6e5dae1e85e09a8e219374111c56747cd4f
net.dreamlu	mica-cloud	1.2.2		3478458e7d1cd4dedabb9bd458f8cb01b8a0a251
net.zygfryd	cement_2.13	0.2.2		fce5140558594402a4d068e51405ef15f7971d20
net.zygfryd	cement_2.13	0.3.0		afa678ebbbe4a3a41e7847468cccb8a3a52189cd
nl.topicus.plugins	javassist-maven-plugin	1.0		d985e2c3a75d74a136d486fc5dba5d4708ade57f
nl.topicus.plugins	javassist-maven-plugin	1.1		7c30b1e0b3e6dd4367776d86688b6f275e3018e4
nl.topicus.plugins	javassist-maven-plugin	2.0		2699887ba2e1a627e3e48c40395722dec483d684
nl.topicus.plugins	javassist-maven-plugin	2.1		56c232e65ea15fb8eb87e5ffad8d1d9d0dadfb15
org.allenai.common	common-webapp_2.11	2014.12.04-1		14ae1e78b33cd99ad9106957462020ee193f6139
org.allenai.common	common-webapp_2.11	2015.01.22-0		5eb30c1fe2aba82eaf35621328551ea8e9c1431b
org.allenai.common	common-webapp_2.11	2015.01.23-0		9524544761f59b2f9e7270a6babf0bdf2cd066ac
org.allenai.common	common-webapp_2.11	2015.02.17-0		fa3fe0b2ffd5c8d2c6364e401ab0b1d252f5da53
org.allenai.common	common-webapp_2.11	2015.03.12-0		909548f9b569a65128ae9ef2e71ab52782a5e1c2
org.allenai.common	common-webapp_2.11	2015.04.01-0		ce8fea5cca783b48a2a2b7414292c4023c6ea12d
org.anyline	anyline-jdbc-influxdb	8.5.5-20220725		0a3a494ac2971c0fccf7497f7d378b046387482c
org.anyline	anyline-jdbc-influxdb	8.5.5-20220731		2478f042c4f5eba21f51be98b8741ce293cfe3d8
org.anyline	anyline-jdbc-influxdb	8.5.5-20220801		62e8029bbc28898c20b875a827553ead362dd40f
org.anyline	anyline-jdbc-influxdb	8.5.5-20220802		3859b0be0ca01e7853c7ece5a86895bec9dff38d
org.anyline	anyline-jdbc-influxdb	8.5.5-20220805		dc10f4ae7aae309a79b725f7795fef7ca3af9fec
org.anyline	anyline-jdbc-influxdb	8.5.5-20220808		ffda7c97fcdfba7af77f1105446626ab576d941f
org.anyline	anyline-jdbc-influxdb	8.5.5-8.5.5-20220801		3bb8c879e44910b1bb46621d953f51c70d86dc8e
org.anyline	anyline-jdbc-influxdb	8.5.6-20220808		7b70d0da02bc4640752d255e61d8551076b7deab
org.anyline	anyline-jdbc-influxdb	8.5.6-20220809		2dc70a6f4332d0b17c47c10ceea2df2037145a35
org.anyline	anyline-jdbc-influxdb	8.5.6-20220810		9924119bbf5ef80ae785a860d349da7129b2f2da
org.anyline	anyline-jdbc-influxdb	8.5.6-20220811		8f7620dd6cae04301dcf46e71013a7e8264a2f9d
org.anyline	anyline-jdbc-influxdb	8.5.6-20220812		eaf41c8ea3867b11a2ca08da2cdce4b666d12b39
org.anyline	anyline-jdbc-influxdb	8.5.7-20220815		58c3adb47ec736117509f87a59d9bfda8e1c7d19
org.anyline	anyline-jdbc-influxdb	8.5.7-20220816		9aa89dd792e9d8c11ed5f16b6be8d0ebe246ca09
org.anyline	anyline-jdbc-influxdb	8.5.7-20220819		8db7f804410737c6bb8a42980ec223dcfb4f174f
org.anyline	anyline-jdbc-influxdb	8.5.7-20220820		a9957299ec4065dddc6254d0e920cf90df0174c0
org.anyline	anyline-jdbc-influxdb	8.5.7-20220822		b5a845a6cd9c1fa678c6474d5b07bbc2d5b619c0
org.anyline	anyline-jdbc-influxdb	8.5.7-20220825		8e15cd1496b940d99a8462e9d918ca3be8fd6fb4
org.anyline	anyline-jdbc-influxdb	8.5.7-20220826		23551e3b113127899239f79d6e3c141c1df53c7f
org.anyline	anyline-jdbc-influxdb	8.5.7-20220827		2ffc7729d9b75e91447f2e7bfff37a1a61504d99
org.anyline	anyline-jdbc-influxdb	8.5.7-20220829		88bce1a5f50eac40777f4a5a00046cd620b31ec2
org.anyline	anyline-jdbc-influxdb	8.5.7-20220831		9c10d2ff19fda73f8917540d33c3604c8bae4da0
org.anyline	anyline-jdbc-influxdb	8.5.7-20220902		e0aaa1ff5314789506f0796e47c0393b78072b98
org.anyline	anyline-jdbc-influxdb	8.5.7-20220903		d1575b3f0b68e6dccccefd8ce968aa3b6f32742c
org.anyline	anyline-jdbc-influxdb	8.5.7-20220905		806e771c3e4c959a8fbc651292247dbcff0ab640
org.anyline	anyline-jdbc-influxdb	8.5.7-20220906		d9f1fa89067f51a5725636d2a7bc40595030ac35
org.anyline	anyline-jdbc-influxdb	8.5.7-20220907		7e15b8255e24bb1e8fa4b600c3b86c7004b5b127
org.anyline	anyline-jdbc-influxdb	8.5.7-20220908		e4dab6e4ebe4301719516ed5b67ff389194d27e6
org.anyline	anyline-jdbc-influxdb	8.5.7-20220912		7519f95987f2e3bcf0f6a277d544acf9e4a4e706
org.anyline	anyline-jdbc-influxdb	8.5.7-20220920		5df7240d206b575e9db29adf1f55fb92f7ec3cf0
org.anyline	anyline-jdbc-influxdb	8.5.7-20220922		dc4cd34acb1dbc445d591ea606bbb9718b9828ae
org.anyline	anyline-jdbc-influxdb	8.5.7-20220927		3f49dc7f13b7ed761f97d958317bacd99e7f25bd
org.anyline	anyline-jdbc-influxdb	8.5.7-20220928		ed4f5e4dc0ea55d331c344e90667b7c14d95900c
org.apache.camel	camel-itest-osgi	2.0-M2		a1e895f171d3a157f89e3cf8dc42ae92f9490219
org.apache.camel	camel-itest-osgi	2.0-M3		13bda600d94266c03572cf41a8c01c999c26702c
org.apache.camel	camel-itest-osgi	2.0.0		d4bfe11d850b457fd7f6a17f4d06dd9f86d77c85
org.apache.camel	camel-itest-osgi	2.10.0		e96b5edaf40793a91bbebca0f498f5ff362e2b13
org.apache.camel	camel-itest-osgi	2.10.1		0e1f89146273f8fae4572b717165cf9c112aae7e
org.apache.camel	camel-itest-osgi	2.10.2		686bfe7c4883588799f13b331ba4ae4f61f7d4f4
org.apache.camel	camel-itest-osgi	2.14.2		c881cb04f35e87e0c8620d3cb52b1b2f7ec1230b
org.apache.camel	camel-itest-osgi	2.14.3		351b936ad0e66b3c5f52be1b385386ff06c826b5
org.apache.camel	camel-itest-osgi	2.14.4		738a9701de4ed6bccd8f928037f302dd3adc99a6
org.apache.camel	camel-itest-osgi	2.15.1		d89015784b48988b82245f4d3f0d850708a1a622
org.apache.camel	camel-itest-osgi	2.15.2		e77f0c7eeae20f4df1bd7420192e10b2049544e0
org.apache.camel	camel-itest-osgi	2.15.3		89ad2a917f521366af190420745c648639572983
org.apache.camel	camel-itest-osgi	2.15.4		685ea4069d21ff33514ea99d8fc7a1f33b853015
org.apache.camel	camel-itest-osgi	2.15.5		e1069df91542cbb360ba3518d6c85e0afcddd02f
org.apache.camel	camel-itest-osgi	2.15.6		2ddb9479f7247dd159635f5aa343a84b56863aec
org.apache.camel	camel-itest-osgi	2.16.0		842f928fbc0a36362b8723c46aceffa25c6665a9
org.apache.camel	camel-itest-osgi	2.16.1		3ba28508e9cebcb7a0ee9a9132e752998a3dd3be
org.apache.camel	camel-itest-osgi	2.16.2		39043ffec3bfca61ed7252f7dfc883f43f23983c
org.apache.camel	camel-itest-osgi	2.16.3		0d6fa9b72319f455fac3943efcb49731642eace4
org.apache.camel	camel-itest-osgi	2.16.4		690166b0fb2b4b346c4af765ef52346f0ccd901f
org.apache.camel	camel-itest-osgi	2.16.5		dcc6d3ed1c9364958031a5f8448e6e64dd92882e
org.apache.camel	camel-itest-osgi	2.17.0		d882604d3c2060e539a226531cde6939e6ec034a
org.apache.camel	camel-itest-osgi	2.17.1		dffe335620d1450a79f3cfe7a93c20bfec77d7a2
org.apache.camel	camel-itest-osgi	2.17.2		5c1077b9bed5aadfc390cd255093c3da6cbaa695
org.apache.camel	camel-itest-osgi	2.17.3		0b398316039a0d01997582420c852438c97a67a9
org.apache.camel	camel-itest-osgi	2.17.4		c45757f9432d67789eeb42b405782717834617c7
org.apache.camel	camel-itest-osgi	2.17.5		de80109aaae6065dbfe788e00bedc5820087aea2
org.apache.camel	camel-itest-osgi	2.17.6		b5538b0ee8481056f32702d5dd1a0c7837c29918
org.apache.camel	camel-itest-osgi	2.17.7		bf55b4fe83a43ca51db7bdf4e295d0b5c69fe917
org.apache.camel	camel-itest-osgi	2.18.0		01403bc9ef9e74afb12aca758c5af85122b1c7d9
org.apache.camel	camel-itest-osgi	2.18.1		94d2fca2fd2d6af0dd3a4bebbacd9dabf077c377
org.apache.camel	camel-itest-osgi	2.18.2		41162562ce7897a7129b01735d93a6d9500d82ae
org.apache.camel	camel-itest-osgi	2.18.3		4824c7ec84ccd07638c56c4f5e3ac4dd2baa9efe
org.apache.camel	camel-itest-osgi	2.18.4		1a59d6c23deabff9c6d9c008ebdccbf1faec414c
org.apache.camel	camel-itest-osgi	2.18.5		b5f82971da2983ff8c32a560013a9da7d4affb80
org.apache.camel	camel-itest-osgi	2.19.0		d7b4238e5c1a84ee813dc903be3719020d233037
org.apache.camel	camel-itest-osgi	2.19.1		4befe9136db83da48ba480983a4ca036e2f4a98b
org.apache.camel	camel-itest-osgi	2.19.2		c789fe5b53eafefbda7217716ad49b1fed73aee0
org.apache.camel	camel-itest-osgi	2.19.3		34819f75d7d40cf7808511e099059b9be7af7c00
org.apache.camel	camel-itest-osgi	2.19.4		b625f691927c52185355679cefa297cb98a6b53b
org.apache.camel	camel-itest-osgi	2.19.5		039fb9dc40fb39ef9fcc39f5ad1c5d8126115810
org.apache.camel	camel-itest-osgi	2.20.0		66cd4e62596b566c289aa1e9c7ccfb1d7ed6cbca
org.apache.camel	camel-itest-osgi	2.20.1		d901e423c2cbc1bbe87388a456637882cedb3dac
org.apache.camel	camel-itest-osgi	2.20.2		fd08ea9cba0dbac0b959f44bf800b6f15a87947e
org.apache.camel	camel-itest-osgi	2.20.3		9c172eb80c0586ca1bbddc3771bbbbc15c16a538
org.apache.camel	camel-itest-osgi	2.20.4		96575f4b6500622e7517b0abfe010a03d09d2a41
org.apache.camel	camel-itest-osgi	2.21.0		ce269a7e8b2c14a5b0842ac62375a13994e01cc9
org.apache.camel	camel-itest-osgi	2.21.1		ef33b116d8f7fb426c9be2db142d09eb9d47bba4
org.apache.camel	camel-itest-osgi	2.21.2		1a3ad05bc0f6be157fafb174446372f0514f323c
org.apache.camel	camel-itest-osgi	2.21.3		42c0693bd13a46497efa0e2c92684d9a99236f09
org.apache.camel	camel-itest-osgi	2.21.4		67d66d6ca19e3d49e3e934ff435fec4b81fd5648
org.apache.camel	camel-itest-osgi	2.21.5		35c8fe6810aadc333582789a8621b4c76a1a411d
org.apache.camel	camel-itest-osgi	2.22.0		6d1ac7b609d9b8b3d790b41a0b5e53babfa1a5da
org.apache.camel	camel-itest-osgi	2.22.1		9218810837cf765798e8f40abd9d9cbff972aa78
org.apache.camel	camel-itest-osgi	2.22.2		fd55f6bfaf05b6d4014442b0609c691038dd5851
org.apache.camel	camel-itest-osgi	2.22.3		43b39b9c957e250382d4a6a03b9ae737d8a2a6e2
org.apache.camel	camel-itest-osgi	2.22.4		267c8b0280f4a378ea6ad9ac1b718f7df98e2234
org.apache.camel	camel-itest-osgi	2.22.5		1e80e1ba8a2b64041932b1a90de7150765ac3f36
org.apache.camel	camel-itest-osgi	2.23.0		dc9611c2aede784013625eb94ea5e9f84c740683
org.apache.camel	camel-itest-osgi	2.23.1		54c0903d062aa54c211778baec72a7471b505e3a
org.apache.camel	camel-itest-osgi	2.23.2		f702c714d886f34ae8e8ac2e73b56328061266d3
org.apache.camel	camel-itest-osgi	2.23.3		04077d52ee64db3fb0e0602d6afe843f379bfe6d
org.apache.camel	camel-itest-osgi	2.23.4		4f2ae202cde661dedca34c88bfc5024e77d3527b
org.apache.camel	camel-itest-osgi	2.24.0		c4c007433c48caf0bf9fd941892fb998c6887d96
org.apache.camel	camel-itest-osgi	2.24.1		8ec755029baccecc9d72f43b2229b80ed5ae3cef
org.apache.camel	camel-itest-osgi	2.24.2		cd98316b91cb6f01d281def8be3391b9d27464bc
org.apache.camel	camel-itest-osgi	2.24.3		8bc07203737566199d9a68d01623730d5e30d6ca
org.apache.camel	camel-itest-osgi	2.25.0		17866beef6f256171f928af4a24df13edc306c5c
org.apache.camel	camel-itest-osgi	2.25.1		02eed433f4915338df1898059329aad8e7c936f6
org.apache.camel	camel-itest-osgi	2.25.2		3ece6ae44e6b952a1ec999cd0287cb0e56d72101
org.apache.camel	camel-itest-osgi	2.25.3		13bc877dcacfd1feefeef4111ad0e33f3421c161
org.apache.camel	camel-itest-osgi	2.25.4		191fb3cfa8713183328ee0f37561fc085dca8e9c
org.apache.camel	camel-itest-osgi	2.4.0		cce0fe3d00a5cc905828224ebb42b495ce84d0e3
org.apache.camel	camel-itest-osgi	2.5.0		fd0e1f9a0dde43da2accfa02a21750d4ff2e9675
org.apache.camel	camel-itest-osgi	2.6.0		6aa00f94fb95a568acc86e2e6f90757fea60a95a
org.apache.camel	camel-itest-osgi	2.7.0		3180709b921ba56806bfd6393951e1617cd51fb5
org.apache.camel	camel-itest-osgi	2.7.1		da6202e43c9fb47913f854bbb291ec8a05e3ee8b
org.apache.camel	camel-itest-osgi	2.7.2		84b30ba9b54423cd21db007120f7da3223cb384f
org.apache.camel	camel-itest-osgi	2.7.3		f5dbbce78a79cdf5165d093c52c89514e9312bf4
org.apache.camel	camel-itest-osgi	2.7.4		c18e7b4eea48074784ef7eed3ad498dad78e57ff
org.apache.camel	camel-itest-osgi	2.7.5		75e495807717341169b05b14334ad503c2d1f34c
org.apache.camel	camel-itest-osgi	2.8.0		473d60268a3e3d53bf17cb1e84657601f79d6954
org.apache.camel	camel-itest-osgi	2.8.1		a774a813349e32097d142fc5bae176f6f98f7de9
org.apache.camel	camel-itest-osgi	2.8.2		0783f410849871ad1ada4c4027d6a7359ca2b6a4
org.apache.camel	camel-itest-osgi	2.8.3		099e8729313e7568970aa05fd697932dd01209b5
org.apache.camel	camel-itest-osgi	2.8.4		9ec840c4b7cff0cfac93b47a1e6fffb5489097c1
org.apache.camel	camel-itest-osgi	2.8.5		f48b42556eab0953463d308f40b9da959286cc68
org.apache.camel	camel-itest-osgi	2.8.6		17875ea6cdd6fe608fa49787cf29cc93d72b042f
org.apache.camel	camel-itest-osgi	2.9.0		57b85ae66be40dc8a7f327475435e9366f2940a1
org.apache.camel	camel-itest-osgi	2.9.0-RC1		d1f05c63db3269c511d5bd6d34d5f8515862b679
org.apache.camel	camel-itest-osgi	2.9.1		436f0e2e88fbc0f3e197e2ab21043b580b19aa34
org.apache.camel	camel-itest-osgi	2.9.2		7cfb4277e2f372b3a5c13ab56baa365c1ca77fd6
org.apache.camel	camel-itest-osgi	2.9.3		2ab6f778c1a220730cf1772bf206af7680a1419f
org.apache.camel	camel-itest-osgi	2.9.4		6b9b9da9fa1774af3a3848322474930f32b01f43
org.apache.camel	camel-itest-osgi	3.0.0		b5f0cb044cd4329f2c5d8335397cdb2eba9cf1fa
org.apache.camel	camel-itest-osgi	3.0.0-M1		3952403a222d99d5d09e9c0c23ac28a40422e1fa
org.apache.camel	camel-itest-osgi	3.0.0-M2		63b688f915c5eda641610737559758fa87041cb4
org.apache.camel	camel-itest-osgi	3.0.0-M3		7458ba83eb379fc54be0e5416bf46ba941d1e4a7
org.apache.camel	camel-itest-osgi	3.0.0-M4		1b3ee89cac967589a65faa26552f10d5101c0013
org.apache.camel	camel-itest-osgi	3.0.0-RC1		684480ea51cea1acd6505c30444223ef3ec821d7
org.apache.camel	camel-itest-osgi	3.0.0-RC2		9967f7f233a66e9401e10ecc1d24e992e63ed9ae
org.apache.camel	camel-itest-osgi	3.0.0-RC3		e5091daaf6b637c5b2bbfea28deaa328c7ca4c7e
org.apache.camel	camel-itest-osgi	3.0.1		e38d1599e77fc541c4d6c007134e20cdcb6b08e7
org.apache.camel	camel-itest-osgi	3.1.0		e6b1e2ece0d72740dd1b948b6f80b4be244ac8ae
org.apache.isis.module	isis-module-publishing-jdo	1.6.0		62e3ac775056d60b7dc7ae989716d147ee9df254
org.apache.knox	knox-token-management-ui	1.6.0		2c0daafa8d6fdbf5175a0abe28fa8e4f59272ca9
org.apache.knox	knox-token-management-ui	1.6.1		69e929ce5ac095d38996b9c47bcbe80b73c56c11
org.apache.knox	knox-token-management-ui	2.0.0		e92e16e14063dd70e39a75c1bbe1d53004813b57
org.apache.servicemix.samples.bridge	bridge-xslt-su	3.1.2		6d23ab8dbb22e4d5a7dd8881a901aef58f587b23
org.apache.servicemix.samples.bridge	bridge-xslt-su	3.2		f8fa21237f597e1153dd43c8a7a6a2a9026d0a56
org.apache.servicemix.samples.bridge	bridge-xslt-su	3.2.1		3f07ea16e077a7336a61686c546fac3beea88551
org.apache.servicemix.samples.bridge	bridge-xslt-su	3.2.2		5401dd56608b7de7111c4c4f27531d791e4766e4
org.apache.servicemix.samples.bridge	bridge-xslt-su	3.2.3		9a5dc7af66e42d9a0f741dbce14b86d687db6d5f
org.apache.servicemix.samples.bridge	bridge-xslt-su	3.3		bc7cb362cfacec6c513c40f71ebeae45078cf9cc
org.apache.servicemix.samples.bridge	bridge-xslt-su	3.3.1		fa7b69b6f46ad656380e4db7e88c801da9e68b81
org.apache.servicemix.samples.bridge	bridge-xslt-su	3.3.2		3932e1ef4f9b87923264b6f5158597d3209ff6ee
org.apache.servicemix.samples.bridge	bridge-xslt-su	3.4.0		89e027395ef0e3944e95faba90f23e750ce82514
org.apache.servicemix.samples.bridge	bridge-xslt-su	3.4.1		adef7472a760ae2d23b9da20ba88bd0610da60e0
org.bitbucket.inkytonik.kiama	kiama_3	2.5.0		5f1a8d68d11066ba9fe914a001598235a0cecfc1
org.bitbucket.inkytonik.kiama	kiama_3	2.5.1		4071e56af11a6620692938e65b54e6179278da51
org.cibseven.bpm.springboot	cibseven-bpm-spring-boot-starter	1.1.0		f44e739c8f85f57cfe5633e8dd4d27aabad611d6
org.commonjava.indy	indy-db-cassandra	2.6.0		fdcd88047d0fd8f3adcb6ec1b8c3f788dce9b685
org.commonjava.indy	indy-db-cassandra	2.6.1		facc5700969952ffd602bd5d1b84f0c7b77b7e6b
org.commonjava.indy	indy-db-cassandra	2.6.3		5981dbf79fa5f82449c9820825336372a83c4950
org.commonjava.indy	indy-db-cassandra	2.6.4		27789a108c93685ef1f8c16de11d24a7c8849676
org.commonjava.indy	indy-db-cassandra	2.6.5		3b61b35b55766c05697800353fa497bac3ad24be
org.commonjava.indy	indy-db-cassandra	2.7.0		782da5961ddd1e3774108a6458535787cf1def96
org.commonjava.indy	indy-db-cassandra	2.7.2		64da18001c1e7311fbc8d166efc9a399087511e6
org.commonjava.indy	indy-db-cassandra	2.7.3		affa1f99519e3b3b6de92513da62cf549ef468eb
org.commonjava.indy	indy-db-cassandra	2.7.4		df5d25d2722c93e391c9c6e4d3cd533271757835
org.commonjava.indy	indy-db-cassandra	2.7.5		44558b948baa9e21ff5a397e0132da1e59a99a37
org.commonjava.indy	indy-db-cassandra	2.7.6		558f442e8103a7f8c8d7cc5f15147343e0fdf167
org.commonjava.indy	indy-db-cassandra	3.0.0		aae9cb65d32f4b6f2680c5cc413894dfe09e335b
org.commonjava.indy	indy-db-cassandra	3.0.2		28f3275fda02fbfde9e8d6e189340ddd04093364
org.commonjava.indy	indy-db-cassandra	3.1.0		9146570a0f7651b1411f794b3a377bd0c329172d
org.commonjava.indy	indy-db-cassandra	3.1.1		7409d0f080df91503a4ca23094006dc68919bf08
org.commonjava.indy	indy-db-cassandra	3.1.2		6f5e842adb28098736d327676defa10adf57e7b1
org.commonjava.indy	indy-db-cassandra	3.2.0		feaac9fe26cdb17cf06a7df6a622bfa7ad47c55f
org.commonjava.indy	indy-db-cassandra	3.2.1		0f825e736f80e3bb4f6ae827bf8165c237241428
org.commonjava.indy	indy-db-cassandra	3.2.2		79f583780ef30805e3c0daced396ebf7364e022d
org.commonjava.indy	indy-db-cassandra	3.2.3		489a7e0a1ba5c67e33d54b28b51c823c63b0efe5
org.commonjava.maven.galley	galley-cache-infinispan	0.12.0		177b8ce5d88c4aec900303da07ead4f9311ba2e8
org.commonjava.maven.galley	galley-cache-infinispan	0.13.0		c848a22476aa9dad704ae75b6c534c303b54bcfa
org.commonjava.maven.galley	galley-cache-infinispan	0.13.1		95179973ee643cea2893e68006e6a8c69f8166e3
org.commonjava.maven.galley	galley-cache-infinispan	0.13.2		437d7b155f9ca3dfa09d31de55a28f8b50e6e70e
org.commonjava.maven.galley	galley-cache-infinispan	0.13.3		12eecaab07da64e6374fc060cd6dd1343a6769bd
org.commonjava.maven.galley	galley-cache-infinispan	0.13.4		1bc3a7f3261f9b711df5a83fb8145f75ebd2b42c
org.commonjava.maven.galley	galley-cache-infinispan	0.13.5		ff7759ee802aa1679a5089e7600627f24899ddb9
org.commonjava.maven.galley	galley-cache-infinispan	0.13.6		319644d393f052dc2f9c4bb3827712eb604cce1b
org.commonjava.maven.galley	galley-cache-infinispan	0.13.7		d4739999fb1179b2cbad23f2e888e4be4be6e87c
org.commonjava.maven.galley	galley-cache-infinispan	0.14.0		cc91e775030f0f9f160d73319a95be23db40ccbc
org.commonjava.maven.galley	galley-cache-infinispan	0.15.0		a4d4a182032bc72c10213311352a5289813e7912
org.commonjava.maven.galley	galley-cache-infinispan	0.15.1		75eb0673f525436d19777ac7dbaad7cf370d3e8c
org.commonjava.maven.galley	galley-cache-infinispan	0.15.2		d377d7722d8a854841c157fc05d2c4a6b71fe00c
org.commonjava.maven.galley	galley-cache-infinispan	0.16.0		8ae07bec5af66c61cde918a817de15b61c84a841
org.commonjava.maven.galley	galley-cache-infinispan	0.16.1		9a3bc22922b8189c607eac5413e58905c602f09a
org.commonjava.maven.galley	galley-cache-infinispan	0.16.10		710b76ced5cf568e6672df11ee3ebca3d67e72da
org.commonjava.maven.galley	galley-cache-infinispan	0.16.11		762f7ccdf92131c89ad39cb5405278b6680dd80f
org.commonjava.maven.galley	galley-cache-infinispan	0.16.2		59e468f321f0d72eee7d4bdb4252fc6fee21aaf9
org.commonjava.maven.galley	galley-cache-infinispan	0.16.3		ef13474097f5b6cd85685d1b3b2125571b35008f
org.commonjava.maven.galley	galley-cache-infinispan	0.16.4		57e59770fc06c26fa3b9b9e47c9e0a796d34caf6
org.commonjava.maven.galley	galley-cache-infinispan	0.16.5		5d2f452b9a11b551029261a81f1861b9c51dccd6
org.commonjava.maven.galley	galley-cache-infinispan	0.16.6		88629d1e73c3a135de215122b852e9b414474986
org.commonjava.maven.galley	galley-cache-infinispan	0.16.7		a87a8890768225d968c643610cfc536ea3ce417b
org.commonjava.maven.galley	galley-cache-infinispan	0.16.8		ba19b53453a717974f6943ac0e1256fe8bb60ecb
org.commonjava.maven.galley	galley-cache-infinispan	0.16.9		743b2a44bb875a1d3203a4d4eaa461a6d617fe11
org.daisy.pipeline.modules	modules-parent	1.0		N/A
org.daisy.pipeline.modules	modules-parent	1.1		N/A
org.daisy.pipeline.modules	modules-parent	1.13.0		N/A
org.daisy.pipeline.modules	modules-parent	1.13.1		N/A
org.daisy.pipeline.modules	modules-parent	1.13.2		N/A
org.daisy.pipeline.modules	modules-parent	1.13.3		N/A
org.daisy.pipeline.modules	modules-parent	1.13.4		N/A
org.daisy.pipeline.modules	modules-parent	1.13.5		N/A
org.daisy.pipeline.modules	modules-parent	1.13.6		N/A
org.daisy.pipeline.modules	modules-parent	1.13.7		N/A
org.daisy.pipeline.modules	modules-parent	1.14.0		N/A
org.daisy.pipeline.modules	modules-parent	1.14.1		N/A
org.daisy.pipeline.modules	modules-parent	1.14.10		N/A
org.daisy.pipeline.modules	modules-parent	1.14.10	doc	f287f6130d78a4fc340c07a580d724b9e2a5ee50
org.daisy.pipeline.modules	modules-parent	1.14.11		N/A
org.daisy.pipeline.modules	modules-parent	1.14.11	doc	91d305d393a2176962e6f2bb44ecf1a2929ce571
org.daisy.pipeline.modules	modules-parent	1.14.12		N/A
org.daisy.pipeline.modules	modules-parent	1.14.12	doc	bae45cddfe4cea636fdc369a7658cce480c18491
org.daisy.pipeline.modules	modules-parent	1.14.13		N/A
org.daisy.pipeline.modules	modules-parent	1.14.13	doc	d5b0a440388ca4b7c6b527cf8aa0d6f2aa0d633c
org.daisy.pipeline.modules	modules-parent	1.14.14		N/A
org.daisy.pipeline.modules	modules-parent	1.14.14	doc	b1a1c88a6cded98517a77226e7e42892915426ef
org.daisy.pipeline.modules	modules-parent	1.14.15		N/A
org.daisy.pipeline.modules	modules-parent	1.14.15	doc	f74f45b48c547231c8e18ca2f737e888baff4348
org.daisy.pipeline.modules	modules-parent	1.14.16		N/A
org.daisy.pipeline.modules	modules-parent	1.14.16	doc	7f8dcfcb883ded1f7a5b80f5f2639de38539f95a
org.daisy.pipeline.modules	modules-parent	1.14.17		N/A
org.daisy.pipeline.modules	modules-parent	1.14.17	doc	dd80dd93ef77888530892ae3ffef925ce36e92bb
org.daisy.pipeline.modules	modules-parent	1.14.18		N/A
org.daisy.pipeline.modules	modules-parent	1.14.18	doc	7c752c65177831d3be1792f6940025bfcec7e70c
org.daisy.pipeline.modules	modules-parent	1.14.19		N/A
org.daisy.pipeline.modules	modules-parent	1.14.19	doc	ff0021932da68b5ac64481f8ebecede6c02cf42f
org.daisy.pipeline.modules	modules-parent	1.14.2		N/A
org.daisy.pipeline.modules	modules-parent	1.14.2	doc	72e6cf99fbee21cbcd409d85d1e4fc35d8c58140
org.daisy.pipeline.modules	modules-parent	1.14.20		N/A
org.daisy.pipeline.modules	modules-parent	1.14.20	doc	65cd5529c27740b58962c10d72b24152b2953333
org.daisy.pipeline.modules	modules-parent	1.14.21		N/A
org.daisy.pipeline.modules	modules-parent	1.14.21	doc	69de7cd2fbddebe9865fcb992c1982cbcbb864d5
org.daisy.pipeline.modules	modules-parent	1.14.22		N/A
org.daisy.pipeline.modules	modules-parent	1.14.22	doc	2c3c59b7dd9a1d34bd7dd2ddffb5efd291acf7c6
org.daisy.pipeline.modules	modules-parent	1.14.23		N/A
org.daisy.pipeline.modules	modules-parent	1.14.23	doc	46211bb113b7b4d0f0c7e68cb1d9511b507f2333
org.daisy.pipeline.modules	modules-parent	1.14.24		N/A
org.daisy.pipeline.modules	modules-parent	1.14.24	doc	7a24c66b90a04ea424effcf73feb2e172815d565
org.daisy.pipeline.modules	modules-parent	1.14.25		N/A
org.daisy.pipeline.modules	modules-parent	1.14.25	doc	cb479faffbdfcfcac7c9cc13dc6b58931ccf7739
org.daisy.pipeline.modules	modules-parent	1.14.26		N/A
org.daisy.pipeline.modules	modules-parent	1.14.26	doc	93f2490fcc07493e6fa0b1f4b85477cb647fbca8
org.daisy.pipeline.modules	modules-parent	1.14.27		N/A
org.daisy.pipeline.modules	modules-parent	1.14.27	doc	1d1cef02b956452b1896c014c2ce537ac482149b
org.daisy.pipeline.modules	modules-parent	1.14.28		N/A
org.daisy.pipeline.modules	modules-parent	1.14.28	doc	77d393921aa1d48be3cbcd837678dc8b6c107aaa
org.daisy.pipeline.modules	modules-parent	1.14.29		N/A
org.daisy.pipeline.modules	modules-parent	1.14.29	doc	e22c6f56a6b181009f5ec7693a751742b501501b
org.daisy.pipeline.modules	modules-parent	1.14.3		N/A
org.daisy.pipeline.modules	modules-parent	1.14.3	doc	1d35742e61fbde9bd324b2e68630f3aceedee849
org.daisy.pipeline.modules	modules-parent	1.14.30		N/A
org.daisy.pipeline.modules	modules-parent	1.14.30	doc	5fa1390da4cbf191645c845ed6e46143ee85ba0e
org.daisy.pipeline.modules	modules-parent	1.14.4		N/A
org.daisy.pipeline.modules	modules-parent	1.14.4	doc	5a6cafb8714f3b4e203c1448afa8cc7e2027396a
org.daisy.pipeline.modules	modules-parent	1.14.5		N/A
org.daisy.pipeline.modules	modules-parent	1.14.5	doc	d323befaeffaf4688b6cf79267364ee42f1fead4
org.daisy.pipeline.modules	modules-parent	1.14.6		N/A
org.daisy.pipeline.modules	modules-parent	1.14.6	doc	76f6fb675d7fe2e924ea361cda1393cf1a1d4049
org.daisy.pipeline.modules	modules-parent	1.14.7		N/A
org.daisy.pipeline.modules	modules-parent	1.14.7	doc	7e2ba97ff2c922186a81329970cbb7c89a95ff36
org.daisy.pipeline.modules	modules-parent	1.14.8		N/A
org.daisy.pipeline.modules	modules-parent	1.14.8	doc	73e6f748d2c67780fe45c54ddd7a0f376ca3f7a6
org.daisy.pipeline.modules	modules-parent	1.14.9		N/A
org.daisy.pipeline.modules	modules-parent	1.14.9	doc	bfe2fb7cbc1fceaa9fa580b4e8ff24726add8e63
org.daisy.pipeline.modules	modules-parent	1.15.0		N/A
org.daisy.pipeline.modules	modules-parent	1.15.0	doc	cc504db4b18f95055d08f48670c55df51204589e
org.daisy.pipeline.modules	modules-parent	1.15.1	doc	04c5b5ce8e61cc24420a1dacb6a7d48c9541b307
org.daisy.pipeline.modules	modules-parent	1.2		N/A
org.daisy.pipeline.modules	modules-parent	1.3		N/A
org.daisy.pipeline.modules	modules-parent	1.4		N/A
org.daisy.pipeline.modules	modules-parent	1.5		N/A
org.daisy.pipeline.modules	modules-parent	1.6		N/A
org.daisy.pipeline.modules	modules-parent	1.7		N/A
org.daisy.pipeline.modules	modules-parent	1.8		N/A
org.daisy.pipeline.modules	modules-parent	1.9		N/A
org.datacrafts	noschema-thrift_2.12	0.1.10		6a7c8f7c76c3e41a461f4cd61e45ce9a90631efc
org.datacrafts	noschema-thrift_2.12	0.1.4		9ddc4c9411451114b24a9c68f44936b4613bd0b6
org.datacrafts	noschema-thrift_2.12	0.1.5		491091fbef9ac76e7958c54a953168bae293c961
org.datacrafts	noschema-thrift_2.12	0.1.6		41077d6c5e393db9bc4848102e82b6d85662d50d
org.datacrafts	noschema-thrift_2.12	0.1.7		9e729187c0c54810c140a2344c46f7440c6ca5b5
org.datacrafts	noschema-thrift_2.12	0.1.8		d6122a30b4a4c75807c13f640de0209854f62d6a
org.datacrafts	noschema-thrift_2.12	0.1.9		614089d45e0728b8f77b9f25a492c70d003c108a
org.datacrafts	noschema-thrift_2.12	0.2.0		4288ffb9e8f99d8f75183aaf9ada32cfa03c92d0
org.datacrafts	noschema-thrift_2.12	0.2.1		1a495b2e378e2b976f62262784c2e574c580cea8
org.datacrafts	noschema-thrift_2.12	0.2.2		1d849201237090e4ed44eebffc8ee419f5e06209
org.datacrafts	noschema-thrift_2.12	0.2.3		6ee33e2cb362c0af7f8ac79d93965c8358d9dbee
org.datacrafts	noschema-thrift_2.12	0.2.4		03ed6d6e2d1424a07d3a00b570639a97c656a5d9
org.datacrafts	noschema-thrift_2.12	0.2.5		fffe5d4c68a7c6a1c98d003c32613b67b249ef4a
org.datacrafts	noschema-thrift_2.12	0.2.6		916fdeb661d4544398dbe7885dde65f777b989c6
org.datacrafts	noschema-thrift_2.12	0.2.7		6c8d7b2b21b763c614d4ab55881262f05608b413
org.datacrafts	noschema-thrift_2.12	0.2.8		bf3c08be9cf726c9f1c309d302c1194f65ee43b8
org.datacrafts	noschema-thrift_2.12	0.2.9		33c8a3eb31639fd8a286d2ce60f6eb6452109e35
org.eclipse.hawkbit	hawkbit-update-server-azure	0.3.0		21c0cfb86e5a4f83b5368924eb9bfffc5a577930
org.eclipse.hawkbit	hawkbit-update-server-azure	0.3.0M7		cbd102fbaa6b935e011e1b6114724b0d923d455d
org.eclipse.hawkbit	hawkbit-update-server-azure	0.3.0M8		0ada7e6e233d86254d6c2b07813b908182c11930
org.eclipse.hawkbit	hawkbit-update-server-azure	0.3.0M9		07bb739ef2b5704240ba574b7f5b3b89c9a689a7
org.eclipse.hawkbit	hawkbit-update-server-azure	0.4.1		293b9213f167aced2481ae6f641f81d333f552fd
org.geomajas.plugin	geomajas-client-gwt-plugin-editing-javascript-api-documentation	1.15.1		5fac11c3573b9df0ea3590e5a54f74e37f3070a0
org.geomajas.plugin	geomajas-client-gwt-plugin-editing-javascript-api-documentation	1.15.2		52a1710d940a33d9d4eb62af75a41f6858daa619
org.geomajas.plugin	geomajas-client-gwt-plugin-editing-javascript-api-documentation	1.16.0		2ef548c5a14de5656140cdcf7867f0067eb317ad
org.lestr.astenn	astenn-wcf	1.0.3		N/A
org.oiue.services.odps.events	org.oiue.service.odp.event.api	1.0.0		871f365307b2188805e5aeee6783dadbae291474
org.oiue.services.odps.events	org.oiue.service.odp.event.api	1.0.1		9ab3d8a0b5a44c944ff1d5eba668629be868f66c
org.openehealth.ipf.gazelle	ipf-gazelle-validation-profiles-rad	1.0.3		892bc5080bff7be324fd9491e64a0673e9296f13
org.openehealth.ipf.gazelle	ipf-gazelle-validation-profiles-rad	1.0.4		47f0b414f47ed789cf259a30754da449f528fc07
org.openehealth.ipf.gazelle	ipf-gazelle-validation-profiles-rad	1.0.5		e9c1b7cc7a6ae2c7e43ff31783d7444cf0ce214a
org.openehealth.ipf.gazelle	ipf-gazelle-validation-profiles-rad	1.0.6		cb6934ef2bfb51b10808d9c3f78d1b09a44b603f
org.openehealth.ipf.gazelle	ipf-gazelle-validation-profiles-rad	1.0.7		da74cf5cb31ff141ee2b4f7ee0564f2bb56c2d09
org.openehealth.ipf.gazelle	ipf-gazelle-validation-profiles-rad	1.0.8		2466c36fb7a3fdddc48e37e4083a4e662dc05676
org.openehealth.ipf.gazelle	ipf-gazelle-validation-profiles-rad	1.1.0		7d848f4ec83b815b4ecaeaf90a916897b5e5798e
org.openehealth.ipf.gazelle	ipf-gazelle-validation-profiles-rad	1.2.0		be9de3d58314024f307874cd5cadc238b874c974
org.openehealth.ipf.gazelle	ipf-gazelle-validation-profiles-rad	1.3.0		94e82542d20610cbd00af944ea1065fb95e9bec9
org.openehealth.ipf.gazelle	ipf-gazelle-validation-profiles-rad	1.4.0		c31265d2180700ab25faf373c80bb1d7653203d3
org.openehealth.ipf.gazelle	ipf-gazelle-validation-profiles-rad	1.5.0		38e5080bed36608c323e402a85942fbb4438c50f
org.openehealth.ipf.gazelle	ipf-gazelle-validation-profiles-rad	1.6.0		de4589c777dc74e452e396307ef1bf92e2f5aef7
org.openehealth.ipf.gazelle	ipf-gazelle-validation-profiles-rad	2.0.0		a5a7a38b9db22a822590a85f1e8af3ca708269d9
org.openehealth.ipf.gazelle	ipf-gazelle-validation-profiles-rad	2.1.0		89332a4f08d8b2f9d7264488e9e45abd3f1011fb
org.openehealth.ipf.gazelle	ipf-gazelle-validation-profiles-rad	2.2.0		87690798e06c6ee0e7705efd4f94f65d00491d44
org.openehealth.ipf.gazelle	ipf-gazelle-validation-profiles-rad	2.3.0		4bd0379e32e32287050a8e093bd3360452b1281d
org.openehealth.ipf.gazelle	ipf-gazelle-validation-profiles-rad	2.4.0		6db60a24ba863d1a1077d969a1b3725159af3364
org.openehealth.ipf.gazelle	ipf-gazelle-validation-profiles-rad	2.5.0		374706c3ffb8a4119c485b9e64610d518cea88c8
org.openehealth.ipf.gazelle	ipf-gazelle-validation-profiles-rad	2.6.0		5ed328c8b17c28ad38fa0e444a4ce4302054f153
org.openehealth.ipf.gazelle	ipf-gazelle-validation-profiles-rad	3.0.0		3ea8b23e9fc32b0c6eb8478c6f6c70fd9371c270
org.openehealth.ipf.gazelle	ipf-gazelle-validation-profiles-rad	3.1.0		276c7086ccf324fe0d202518e177bfdb869e9db3
org.openmole	toolxit-bibtex_2.12	0.2		292daf266ea357e70ae95b86cd879a0400c18fc4
org.openmole	toolxit-bibtex_2.12	0.4		4b15c712f71250266336438c955e4f3b8dd4d709
org.peelframework	peel-empty-bundle	1.0.0		N/A
org.peelframework	peel-empty-bundle	1.0.0-rc1		N/A
org.peelframework	peel-empty-bundle	1.0.0-rc2		N/A
org.peelframework	peel-empty-bundle	1.0.0-rc3		N/A
org.peelframework	peel-empty-bundle	1.0.0-rc4		N/A
org.peelframework	peel-empty-bundle	1.0.0-rc5		N/A
org.peelframework	peel-empty-bundle	1.0.0-rc6		N/A
org.peelframework	peel-empty-bundle	1.0.0-rc7		N/A
org.peelframework	peel-empty-bundle	1.0.1		N/A
org.peelframework	peel-empty-bundle	1.0.2		N/A
org.peelframework	peel-empty-bundle	1.1.0		N/A
org.peelframework	peel-empty-bundle	1.1.1		N/A
org.peelframework	peel-empty-bundle	1.1.2		N/A
org.peelframework	peel-empty-bundle	1.1.3		N/A
org.peelframework	peel-empty-bundle	1.1.4		N/A
org.peelframework	peel-empty-bundle	1.1.5		N/A
org.peelframework	peel-empty-bundle	1.1.6		N/A
org.peelframework	peel-empty-bundle	1.1.7		N/A
org.peelframework	peel-empty-bundle	1.1.8		N/A
org.superfine	tracking-coinbase-walletmobile	0.0.15		N/A
org.typelevel	catalysts-testkit_2.10	0.0.2		ae234693024bc0b887699200771e90b852d87f65
org.typelevel	catalysts-testkit_2.10	0.0.3		fe097fdae19c42133e87c68b86f60bbd00f5b8f7
org.typelevel	catalysts-testkit_2.10	0.0.4		976f987b7ec058e05d49f8729e87cf1d1c5d3f89
org.typelevel	catalysts-testkit_2.10	0.0.5		73ea883f1cf4f2198cf299e4dc63931e3082d820
org.typelevel	catalysts-testkit_2.10	0.6		969d09441740ae64fd20b2139cc2c38eae1ceae8
org.wso2.carbon.mediation	org.wso2.carbon.mediation.configadmin.feature	4.6.100		N/A
org.wso2.carbon.mediation	org.wso2.carbon.mediation.configadmin.feature	4.6.101		N/A
org.wso2.carbon.mediation	org.wso2.carbon.mediation.configadmin.feature	4.6.102		N/A
org.wso2.carbon.mediation	org.wso2.carbon.mediation.configadmin.feature	4.6.103		N/A
org.wso2.carbon.mediation	org.wso2.carbon.mediation.configadmin.feature	4.6.104		N/A
org.wso2.carbon.mediation	org.wso2.carbon.mediation.configadmin.feature	4.6.105		N/A
org.wso2.carbon.mediation	org.wso2.carbon.mediation.configadmin.feature	4.6.106		N/A
org.wso2.carbon.mediation	org.wso2.carbon.mediation.configadmin.feature	4.6.107		N/A
org.wso2.carbon.mediation	org.wso2.carbon.mediation.configadmin.feature	4.6.108		N/A
org.wso2.carbon.mediation	org.wso2.carbon.mediation.configadmin.feature	4.6.109		N/A
org.wso2.carbon.mediation	org.wso2.carbon.mediation.configadmin.feature	4.6.110		N/A
org.wso2.carbon.mediation	org.wso2.carbon.mediation.configadmin.feature	4.6.111		N/A
org.wso2.carbon.mediation	org.wso2.carbon.mediation.configadmin.feature	4.6.113		N/A
org.wso2.carbon.mediation	org.wso2.carbon.mediation.configadmin.feature	4.6.114		N/A
org.wso2.carbon.mediation	org.wso2.carbon.mediation.configadmin.feature	4.6.115		N/A
org.wso2.carbon.mediation	org.wso2.carbon.mediation.configadmin.feature	4.6.116		N/A
org.wso2.carbon.mediation	org.wso2.carbon.mediation.configadmin.feature	4.6.137		N/A
org.wso2.carbon.mediation	org.wso2.carbon.mediation.configadmin.feature	4.6.138		N/A
org.wso2.carbon.mediation	org.wso2.carbon.mediation.configadmin.feature	4.6.139		N/A
org.wso2.carbon.mediation	org.wso2.carbon.mediation.configadmin.feature	4.6.140		N/A
org.wso2.carbon.mediation	org.wso2.carbon.mediation.configadmin.feature	4.6.141		N/A
org.wso2.carbon.mediation	org.wso2.carbon.mediation.configadmin.feature	4.6.142		N/A
org.wso2.carbon.mediation	org.wso2.carbon.mediation.configadmin.feature	4.6.143		N/A
org.wso2.carbon.mediation	org.wso2.carbon.mediation.configadmin.feature	4.6.144		N/A
org.wso2.carbon.mediation	org.wso2.carbon.mediation.configadmin.feature	4.6.145		N/A
org.wso2.carbon.mediation	org.wso2.carbon.mediation.configadmin.feature	4.6.146		N/A
org.wso2.carbon.mediation	org.wso2.carbon.mediation.configadmin.feature	4.6.147		N/A
org.wso2.carbon.mediation	org.wso2.carbon.mediation.configadmin.feature	4.6.148		N/A
org.wso2.carbon.mediation	org.wso2.carbon.mediation.configadmin.feature	4.6.149		N/A
org.wso2.carbon.mediation	org.wso2.carbon.mediation.configadmin.feature	4.6.150		N/A
org.wso2.carbon.mediation	org.wso2.carbon.mediation.configadmin.feature	4.6.151		N/A
org.wso2.carbon.mediation	org.wso2.carbon.mediation.configadmin.feature	4.6.26		N/A
org.wso2.carbon.mediation	org.wso2.carbon.mediation.configadmin.feature	4.6.27		N/A
org.wso2.carbon.mediation	org.wso2.carbon.mediation.configadmin.feature	4.6.28		N/A
org.wso2.carbon.mediation	org.wso2.carbon.mediation.configadmin.feature	4.6.29		N/A
org.wso2.carbon.mediation	org.wso2.carbon.mediation.configadmin.feature	4.6.30		N/A
org.wso2.carbon.mediation	org.wso2.carbon.mediation.configadmin.feature	4.6.31		N/A
org.wso2.carbon.mediation	org.wso2.carbon.mediation.configadmin.feature	4.6.32		N/A
org.wso2.carbon.mediation	org.wso2.carbon.mediation.configadmin.feature	4.6.33		N/A
org.wso2.carbon.mediation	org.wso2.carbon.mediation.configadmin.feature	4.6.34		N/A
org.wso2.carbon.mediation	org.wso2.carbon.mediation.configadmin.feature	4.6.35		N/A
org.wso2.carbon.mediation	org.wso2.carbon.mediation.configadmin.feature	4.6.36		N/A
org.wso2.carbon.mediation	org.wso2.carbon.mediation.configadmin.feature	4.6.37		N/A
org.wso2.carbon.mediation	org.wso2.carbon.mediation.configadmin.feature	4.6.38		N/A
org.wso2.carbon.mediation	org.wso2.carbon.mediation.configadmin.feature	4.6.39		N/A
org.wso2.carbon.mediation	org.wso2.carbon.mediation.configadmin.feature	4.6.40		N/A
org.wso2.carbon.mediation	org.wso2.carbon.mediation.configadmin.feature	4.6.41		N/A
org.wso2.carbon.mediation	org.wso2.carbon.mediation.configadmin.feature	4.6.42		N/A
org.wso2.carbon.mediation	org.wso2.carbon.mediation.configadmin.feature	4.6.43		N/A
org.wso2.carbon.mediation	org.wso2.carbon.mediation.configadmin.feature	4.6.44		N/A
org.wso2.carbon.mediation	org.wso2.carbon.mediation.configadmin.feature	4.6.45		N/A
org.wso2.carbon.mediation	org.wso2.carbon.mediation.configadmin.feature	4.6.46		N/A
org.wso2.carbon.mediation	org.wso2.carbon.mediation.configadmin.feature	4.6.47		N/A
org.wso2.carbon.mediation	org.wso2.carbon.mediation.configadmin.feature	4.6.48		N/A
org.wso2.carbon.mediation	org.wso2.carbon.mediation.configadmin.feature	4.6.49		N/A
org.wso2.carbon.mediation	org.wso2.carbon.mediation.configadmin.feature	4.6.51		N/A
org.wso2.carbon.mediation	org.wso2.carbon.mediation.configadmin.feature	4.6.52		N/A
org.wso2.carbon.mediation	org.wso2.carbon.mediation.configadmin.feature	4.6.53		N/A
org.wso2.carbon.mediation	org.wso2.carbon.mediation.configadmin.feature	4.6.54		N/A
org.wso2.carbon.mediation	org.wso2.carbon.mediation.configadmin.feature	4.6.56		N/A
org.wso2.carbon.mediation	org.wso2.carbon.mediation.configadmin.feature	4.6.57		N/A
org.wso2.carbon.mediation	org.wso2.carbon.mediation.configadmin.feature	4.6.58		N/A
org.wso2.carbon.mediation	org.wso2.carbon.mediation.configadmin.feature	4.6.59		N/A
org.wso2.carbon.mediation	org.wso2.carbon.mediation.configadmin.feature	4.6.60		N/A
org.wso2.carbon.mediation	org.wso2.carbon.mediation.configadmin.feature	4.6.61		N/A
org.wso2.carbon.mediation	org.wso2.carbon.mediation.configadmin.feature	4.6.62		N/A
org.wso2.carbon.mediation	org.wso2.carbon.mediation.configadmin.feature	4.6.63		N/A
org.wso2.carbon.mediation	org.wso2.carbon.mediation.configadmin.feature	4.6.64		N/A
org.wso2.carbon.mediation	org.wso2.carbon.mediation.configadmin.feature	4.6.65		N/A
org.wso2.carbon.mediation	org.wso2.carbon.mediation.configadmin.feature	4.6.66		N/A
org.wso2.carbon.mediation	org.wso2.carbon.mediation.configadmin.feature	4.6.67		N/A
org.wso2.carbon.mediation	org.wso2.carbon.mediation.configadmin.feature	4.6.68		N/A
org.wso2.carbon.mediation	org.wso2.carbon.mediation.configadmin.feature	4.6.69		N/A
org.wso2.carbon.mediation	org.wso2.carbon.mediation.configadmin.feature	4.6.70		N/A
org.wso2.carbon.mediation	org.wso2.carbon.mediation.configadmin.feature	4.6.71		N/A
org.wso2.carbon.mediation	org.wso2.carbon.mediation.configadmin.feature	4.6.72		N/A
org.wso2.carbon.mediation	org.wso2.carbon.mediation.configadmin.feature	4.6.73		N/A
org.wso2.carbon.mediation	org.wso2.carbon.mediation.configadmin.feature	4.6.74		N/A
org.wso2.carbon.mediation	org.wso2.carbon.mediation.configadmin.feature	4.6.75		N/A
org.wso2.carbon.mediation	org.wso2.carbon.mediation.configadmin.feature	4.6.76		N/A
org.wso2.carbon.mediation	org.wso2.carbon.mediation.configadmin.feature	4.6.77		N/A
org.wso2.carbon.mediation	org.wso2.carbon.mediation.configadmin.feature	4.6.78		N/A
org.wso2.carbon.mediation	org.wso2.carbon.mediation.configadmin.feature	4.6.79		N/A
org.wso2.carbon.mediation	org.wso2.carbon.mediation.configadmin.feature	4.6.80		N/A
org.wso2.carbon.mediation	org.wso2.carbon.mediation.configadmin.feature	4.6.81		N/A
org.wso2.carbon.mediation	org.wso2.carbon.mediation.configadmin.feature	4.6.82		N/A
org.wso2.carbon.mediation	org.wso2.carbon.mediation.configadmin.feature	4.6.83		N/A
org.wso2.carbon.mediation	org.wso2.carbon.mediation.configadmin.feature	4.6.84		N/A
org.wso2.carbon.mediation	org.wso2.carbon.mediation.configadmin.feature	4.6.85		N/A
org.wso2.carbon.mediation	org.wso2.carbon.mediation.configadmin.feature	4.6.86		N/A
org.wso2.carbon.mediation	org.wso2.carbon.mediation.configadmin.feature	4.6.87		N/A
org.wso2.carbon.mediation	org.wso2.carbon.mediation.configadmin.feature	4.6.88		N/A
org.wso2.carbon.mediation	org.wso2.carbon.mediation.configadmin.feature	4.6.89		N/A
org.wso2.carbon.mediation	org.wso2.carbon.mediation.configadmin.feature	4.6.90		N/A
org.wso2.carbon.mediation	org.wso2.carbon.mediation.configadmin.feature	4.6.91		N/A
org.wso2.carbon.mediation	org.wso2.carbon.mediation.configadmin.feature	4.6.92		N/A
org.wso2.carbon.mediation	org.wso2.carbon.mediation.configadmin.feature	4.6.93		N/A
org.wso2.carbon.mediation	org.wso2.carbon.mediation.configadmin.feature	4.6.94		N/A
org.wso2.carbon.mediation	org.wso2.carbon.mediation.configadmin.feature	4.6.95		N/A
org.wso2.carbon.mediation	org.wso2.carbon.mediation.configadmin.feature	4.6.96		N/A
org.wso2.carbon.mediation	org.wso2.carbon.mediation.configadmin.feature	4.6.97		N/A
org.wso2.carbon.mediation	org.wso2.carbon.mediation.configadmin.feature	4.6.98		N/A
org.wso2.carbon.mediation	org.wso2.carbon.mediation.configadmin.feature	4.6.99		N/A
org.wso2.carbon.mediation	org.wso2.carbon.mediation.configadmin.feature	4.7.100		N/A
org.wso2.carbon.mediation	org.wso2.carbon.mediation.configadmin.feature	4.7.101		N/A
org.wso2.carbon.mediation	org.wso2.carbon.mediation.configadmin.feature	4.7.102		N/A
org.wso2.carbon.mediation	org.wso2.carbon.mediation.configadmin.feature	4.7.103		N/A
org.wso2.carbon.mediation	org.wso2.carbon.mediation.configadmin.feature	4.7.104		N/A
org.wso2.carbon.mediation	org.wso2.carbon.mediation.configadmin.feature	4.7.105		N/A
org.wso2.carbon.mediation	org.wso2.carbon.mediation.configadmin.feature	4.7.106		N/A
org.wso2.carbon.mediation	org.wso2.carbon.mediation.configadmin.feature	4.7.107		N/A
org.wso2.carbon.mediation	org.wso2.carbon.mediation.configadmin.feature	4.7.108		N/A
org.wso2.carbon.mediation	org.wso2.carbon.mediation.configadmin.feature	4.7.109		N/A
org.wso2.carbon.mediation	org.wso2.carbon.mediation.configadmin.feature	4.7.110		N/A
org.wso2.carbon.mediation	org.wso2.carbon.mediation.configadmin.feature	4.7.111		N/A
org.wso2.carbon.mediation	org.wso2.carbon.mediation.configadmin.feature	4.7.112		N/A
org.wso2.carbon.mediation	org.wso2.carbon.mediation.configadmin.feature	4.7.113		N/A
org.wso2.carbon.mediation	org.wso2.carbon.mediation.configadmin.feature	4.7.114		N/A
org.wso2.carbon.mediation	org.wso2.carbon.mediation.configadmin.feature	4.7.115		N/A
org.wso2.carbon.mediation	org.wso2.carbon.mediation.configadmin.feature	4.7.116		N/A
org.wso2.carbon.mediation	org.wso2.carbon.mediation.configadmin.feature	4.7.117		N/A
org.wso2.carbon.mediation	org.wso2.carbon.mediation.configadmin.feature	4.7.118		N/A
org.wso2.carbon.mediation	org.wso2.carbon.mediation.configadmin.feature	4.7.119		N/A
org.wso2.carbon.mediation	org.wso2.carbon.mediation.configadmin.feature	4.7.120		N/A
org.wso2.carbon.mediation	org.wso2.carbon.mediation.configadmin.feature	4.7.121		N/A
org.wso2.carbon.mediation	org.wso2.carbon.mediation.configadmin.feature	4.7.122		N/A
org.wso2.carbon.mediation	org.wso2.carbon.mediation.configadmin.feature	4.7.137		N/A
org.wso2.carbon.mediation	org.wso2.carbon.mediation.configadmin.feature	4.7.138		N/A
org.wso2.carbon.mediation	org.wso2.carbon.mediation.configadmin.feature	4.7.139		N/A
org.wso2.carbon.mediation	org.wso2.carbon.mediation.configadmin.feature	4.7.140		N/A
org.wso2.carbon.mediation	org.wso2.carbon.mediation.configadmin.feature	4.7.141		N/A
org.wso2.carbon.mediation	org.wso2.carbon.mediation.configadmin.feature	4.7.142		N/A
org.wso2.carbon.mediation	org.wso2.carbon.mediation.configadmin.feature	4.7.143		N/A
org.wso2.carbon.mediation	org.wso2.carbon.mediation.configadmin.feature	4.7.144		N/A
org.wso2.carbon.mediation	org.wso2.carbon.mediation.configadmin.feature	4.7.145		N/A
org.wso2.carbon.mediation	org.wso2.carbon.mediation.configadmin.feature	4.7.146		N/A
org.wso2.carbon.mediation	org.wso2.carbon.mediation.configadmin.feature	4.7.147		N/A
org.wso2.carbon.mediation	org.wso2.carbon.mediation.configadmin.feature	4.7.148		N/A
org.wso2.carbon.mediation	org.wso2.carbon.mediation.configadmin.feature	4.7.159		N/A
org.wso2.carbon.mediation	org.wso2.carbon.mediation.configadmin.feature	4.7.16		N/A
org.wso2.carbon.mediation	org.wso2.carbon.mediation.configadmin.feature	4.7.160		N/A
org.wso2.carbon.mediation	org.wso2.carbon.mediation.configadmin.feature	4.7.161		N/A
org.wso2.carbon.mediation	org.wso2.carbon.mediation.configadmin.feature	4.7.162		N/A
org.wso2.carbon.mediation	org.wso2.carbon.mediation.configadmin.feature	4.7.163		N/A
org.wso2.carbon.mediation	org.wso2.carbon.mediation.configadmin.feature	4.7.164		N/A
org.wso2.carbon.mediation	org.wso2.carbon.mediation.configadmin.feature	4.7.165		N/A
org.wso2.carbon.mediation	org.wso2.carbon.mediation.configadmin.feature	4.7.166		N/A
org.wso2.carbon.mediation	org.wso2.carbon.mediation.configadmin.feature	4.7.167		N/A
org.wso2.carbon.mediation	org.wso2.carbon.mediation.configadmin.feature	4.7.168		N/A
org.wso2.carbon.mediation	org.wso2.carbon.mediation.configadmin.feature	4.7.17		N/A
org.wso2.carbon.mediation	org.wso2.carbon.mediation.configadmin.feature	4.7.170		N/A
org.wso2.carbon.mediation	org.wso2.carbon.mediation.configadmin.feature	4.7.171		N/A
org.wso2.carbon.mediation	org.wso2.carbon.mediation.configadmin.feature	4.7.172		N/A
org.wso2.carbon.mediation	org.wso2.carbon.mediation.configadmin.feature	4.7.173		N/A
org.wso2.carbon.mediation	org.wso2.carbon.mediation.configadmin.feature	4.7.174		N/A
org.wso2.carbon.mediation	org.wso2.carbon.mediation.configadmin.feature	4.7.175		N/A
org.wso2.carbon.mediation	org.wso2.carbon.mediation.configadmin.feature	4.7.176		N/A
org.wso2.carbon.mediation	org.wso2.carbon.mediation.configadmin.feature	4.7.177		N/A
org.wso2.carbon.mediation	org.wso2.carbon.mediation.configadmin.feature	4.7.18		N/A
org.wso2.carbon.mediation	org.wso2.carbon.mediation.configadmin.feature	4.7.19		N/A
org.wso2.carbon.mediation	org.wso2.carbon.mediation.configadmin.feature	4.7.190		N/A
org.wso2.carbon.mediation	org.wso2.carbon.mediation.configadmin.feature	4.7.191		N/A
org.wso2.carbon.mediation	org.wso2.carbon.mediation.configadmin.feature	4.7.20		N/A
org.wso2.carbon.mediation	org.wso2.carbon.mediation.configadmin.feature	4.7.200		N/A
org.wso2.carbon.mediation	org.wso2.carbon.mediation.configadmin.feature	4.7.205		N/A
org.wso2.carbon.mediation	org.wso2.carbon.mediation.configadmin.feature	4.7.206		N/A
org.wso2.carbon.mediation	org.wso2.carbon.mediation.configadmin.feature	4.7.207		N/A
org.wso2.carbon.mediation	org.wso2.carbon.mediation.configadmin.feature	4.7.208		N/A
org.wso2.carbon.mediation	org.wso2.carbon.mediation.configadmin.feature	4.7.209		N/A
org.wso2.carbon.mediation	org.wso2.carbon.mediation.configadmin.feature	4.7.21		N/A
org.wso2.carbon.mediation	org.wso2.carbon.mediation.configadmin.feature	4.7.214		N/A
org.wso2.carbon.mediation	org.wso2.carbon.mediation.configadmin.feature	4.7.215		N/A
org.wso2.carbon.mediation	org.wso2.carbon.mediation.configadmin.feature	4.7.217		N/A
org.wso2.carbon.mediation	org.wso2.carbon.mediation.configadmin.feature	4.7.218		N/A
org.wso2.carbon.mediation	org.wso2.carbon.mediation.configadmin.feature	4.7.219		N/A
org.wso2.carbon.mediation	org.wso2.carbon.mediation.configadmin.feature	4.7.22		N/A
org.wso2.carbon.mediation	org.wso2.carbon.mediation.configadmin.feature	4.7.224		N/A
org.wso2.carbon.mediation	org.wso2.carbon.mediation.configadmin.feature	4.7.23		N/A
org.wso2.carbon.mediation	org.wso2.carbon.mediation.configadmin.feature	4.7.30		N/A
org.wso2.carbon.mediation	org.wso2.carbon.mediation.configadmin.feature	4.7.34		N/A
org.wso2.carbon.mediation	org.wso2.carbon.mediation.configadmin.feature	4.7.35		N/A
org.wso2.carbon.mediation	org.wso2.carbon.mediation.configadmin.feature	4.7.36		N/A
org.wso2.carbon.mediation	org.wso2.carbon.mediation.configadmin.feature	4.7.37		N/A
org.wso2.carbon.mediation	org.wso2.carbon.mediation.configadmin.feature	4.7.38		N/A
org.wso2.carbon.mediation	org.wso2.carbon.mediation.configadmin.feature	4.7.39		N/A
org.wso2.carbon.mediation	org.wso2.carbon.mediation.configadmin.feature	4.7.41		N/A
org.wso2.carbon.mediation	org.wso2.carbon.mediation.configadmin.feature	4.7.42		N/A
org.wso2.carbon.mediation	org.wso2.carbon.mediation.configadmin.feature	4.7.43		N/A
org.wso2.carbon.mediation	org.wso2.carbon.mediation.configadmin.feature	4.7.44		N/A
org.wso2.carbon.mediation	org.wso2.carbon.mediation.configadmin.feature	4.7.45		N/A
org.wso2.carbon.mediation	org.wso2.carbon.mediation.configadmin.feature	4.7.46		N/A
org.wso2.carbon.mediation	org.wso2.carbon.mediation.configadmin.feature	4.7.47		N/A
org.wso2.carbon.mediation	org.wso2.carbon.mediation.configadmin.feature	4.7.48		N/A
org.wso2.carbon.mediation	org.wso2.carbon.mediation.configadmin.feature	4.7.49		N/A
org.wso2.carbon.mediation	org.wso2.carbon.mediation.configadmin.feature	4.7.50		N/A
org.wso2.carbon.mediation	org.wso2.carbon.mediation.configadmin.feature	4.7.51		N/A
org.wso2.carbon.mediation	org.wso2.carbon.mediation.configadmin.feature	4.7.52		N/A
org.wso2.carbon.mediation	org.wso2.carbon.mediation.configadmin.feature	4.7.53		N/A
org.wso2.carbon.mediation	org.wso2.carbon.mediation.configadmin.feature	4.7.54		N/A
org.wso2.carbon.mediation	org.wso2.carbon.mediation.configadmin.feature	4.7.55		N/A
org.wso2.carbon.mediation	org.wso2.carbon.mediation.configadmin.feature	4.7.56		N/A
org.wso2.carbon.mediation	org.wso2.carbon.mediation.configadmin.feature	4.7.57		N/A
org.wso2.carbon.mediation	org.wso2.carbon.mediation.configadmin.feature	4.7.58		N/A
org.wso2.carbon.mediation	org.wso2.carbon.mediation.configadmin.feature	4.7.59		N/A
org.wso2.carbon.mediation	org.wso2.carbon.mediation.configadmin.feature	4.7.60		N/A
org.wso2.carbon.mediation	org.wso2.carbon.mediation.configadmin.feature	4.7.61		N/A
org.wso2.carbon.mediation	org.wso2.carbon.mediation.configadmin.feature	4.7.62		N/A
org.wso2.carbon.mediation	org.wso2.carbon.mediation.configadmin.feature	4.7.63		N/A
org.wso2.carbon.mediation	org.wso2.carbon.mediation.configadmin.feature	4.7.64		N/A
org.wso2.carbon.mediation	org.wso2.carbon.mediation.configadmin.feature	4.7.65		N/A
org.wso2.carbon.mediation	org.wso2.carbon.mediation.configadmin.feature	4.7.66		N/A
org.wso2.carbon.mediation	org.wso2.carbon.mediation.configadmin.feature	4.7.67		N/A
org.wso2.carbon.mediation	org.wso2.carbon.mediation.configadmin.feature	4.7.68		N/A
org.wso2.carbon.mediation	org.wso2.carbon.mediation.configadmin.feature	4.7.69		N/A
org.wso2.carbon.mediation	org.wso2.carbon.mediation.configadmin.feature	4.7.70		N/A
org.wso2.carbon.mediation	org.wso2.carbon.mediation.configadmin.feature	4.7.72		N/A
org.wso2.carbon.mediation	org.wso2.carbon.mediation.configadmin.feature	4.7.74		N/A
org.wso2.carbon.mediation	org.wso2.carbon.mediation.configadmin.feature	4.7.75		N/A
org.wso2.carbon.mediation	org.wso2.carbon.mediation.configadmin.feature	4.7.76		N/A
org.wso2.carbon.mediation	org.wso2.carbon.mediation.configadmin.feature	4.7.77		N/A
org.wso2.carbon.mediation	org.wso2.carbon.mediation.configadmin.feature	4.7.78		N/A
org.wso2.carbon.mediation	org.wso2.carbon.mediation.configadmin.feature	4.7.79		N/A
org.wso2.carbon.mediation	org.wso2.carbon.mediation.configadmin.feature	4.7.80		N/A
org.wso2.carbon.mediation	org.wso2.carbon.mediation.configadmin.feature	4.7.81		N/A
org.wso2.carbon.mediation	org.wso2.carbon.mediation.configadmin.feature	4.7.82		N/A
org.wso2.carbon.mediation	org.wso2.carbon.mediation.configadmin.feature	4.7.83		N/A
org.wso2.carbon.mediation	org.wso2.carbon.mediation.configadmin.feature	4.7.84		N/A
org.wso2.carbon.mediation	org.wso2.carbon.mediation.configadmin.feature	4.7.85		N/A
org.wso2.carbon.mediation	org.wso2.carbon.mediation.configadmin.feature	4.7.86		N/A
org.wso2.carbon.mediation	org.wso2.carbon.mediation.configadmin.feature	4.7.87		N/A
org.wso2.carbon.mediation	org.wso2.carbon.mediation.configadmin.feature	4.7.88		N/A
org.wso2.carbon.mediation	org.wso2.carbon.mediation.configadmin.feature	4.7.89		N/A
org.wso2.carbon.mediation	org.wso2.carbon.mediation.configadmin.feature	4.7.90		N/A
org.wso2.carbon.mediation	org.wso2.carbon.mediation.configadmin.feature	4.7.91		N/A
org.wso2.carbon.mediation	org.wso2.carbon.mediation.configadmin.feature	4.7.92		N/A
org.wso2.carbon.mediation	org.wso2.carbon.mediation.configadmin.feature	4.7.93		N/A
org.wso2.carbon.mediation	org.wso2.carbon.mediation.configadmin.feature	4.7.94		N/A
org.wso2.carbon.mediation	org.wso2.carbon.mediation.configadmin.feature	4.7.95		N/A
org.wso2.carbon.mediation	org.wso2.carbon.mediation.configadmin.feature	4.7.96		N/A
org.wso2.carbon.mediation	org.wso2.carbon.mediation.configadmin.feature	4.7.97		N/A
org.wso2.carbon.mediation	org.wso2.carbon.mediation.configadmin.feature	4.7.98		N/A
org.wso2.carbon.mediation	org.wso2.carbon.mediation.configadmin.feature	4.7.99		N/A
org.wso2.carbon.registry	webdav-feature	4.6.11		N/A
org.wso2.carbon.registry	webdav-feature	4.6.12		N/A
org.wso2.carbon.registry	webdav-feature	4.6.13		N/A
org.wso2.carbon.registry	webdav-feature	4.6.14		N/A
org.wso2.carbon.registry	webdav-feature	4.6.15		N/A
org.wso2.carbon.registry	webdav-feature	4.6.16		N/A
org.wso2.carbon.registry	webdav-feature	4.6.17		N/A
org.wso2.carbon.registry	webdav-feature	4.6.18		N/A
org.wso2.carbon.registry	webdav-feature	4.6.19		N/A
org.wso2.carbon.registry	webdav-feature	4.6.20		N/A
org.wso2.carbon.registry	webdav-feature	4.6.21		N/A
org.wso2.carbon.registry	webdav-feature	4.6.22		N/A
org.wso2.carbon.registry	webdav-feature	4.6.23		N/A
org.wso2.carbon.registry	webdav-feature	4.6.24		N/A
org.wso2.carbon.registry	webdav-feature	4.6.25		N/A
org.wso2.carbon.registry	webdav-feature	4.6.26		N/A
org.wso2.carbon.registry	webdav-feature	4.6.27		N/A
org.wso2.carbon.registry	webdav-feature	4.6.28		N/A
org.wso2.carbon.registry	webdav-feature	4.6.29		N/A
org.wso2.carbon.registry	webdav-feature	4.6.30		N/A
org.wso2.carbon.registry	webdav-feature	4.6.31		N/A
org.wso2.carbon.registry	webdav-feature	4.6.32		N/A
org.wso2.carbon.registry	webdav-feature	4.6.33		N/A
org.wso2.carbon.registry	webdav-feature	4.6.34		N/A
org.wso2.carbon.registry	webdav-feature	4.6.35		N/A
org.wso2.carbon.registry	webdav-feature	4.6.36		N/A
org.wso2.carbon.registry	webdav-feature	4.6.37		N/A
org.wso2.carbon.registry	webdav-feature	4.6.38		N/A
org.wso2.carbon.registry	webdav-feature	4.6.39		N/A
org.wso2.carbon.registry	webdav-feature	4.6.40		N/A
org.wso2.carbon.registry	webdav-feature	4.6.41		N/A
org.wso2.carbon.registry	webdav-feature	4.6.42		N/A
org.wso2.carbon.registry	webdav-feature	4.7.13		N/A
org.wso2.carbon.registry	webdav-feature	4.7.14		N/A
org.wso2.carbon.registry	webdav-feature	4.7.15		N/A
org.wso2.carbon.registry	webdav-feature	4.7.16		N/A
org.wso2.carbon.registry	webdav-feature	4.7.17		N/A
org.wso2.carbon.registry	webdav-feature	4.7.25		N/A
org.wso2.carbon.registry	webdav-feature	4.7.26		N/A
org.wso2.carbon.registry	webdav-feature	4.7.27		N/A
org.wso2.carbon.registry	webdav-feature	4.7.28		N/A
org.wso2.carbon.registry	webdav-feature	4.7.31		N/A
org.wso2.carbon.registry	webdav-feature	4.7.32		N/A
org.wso2.carbon.registry	webdav-feature	4.7.33		N/A
org.wso2.carbon.registry	webdav-feature	4.7.34		N/A
org.wso2.carbon.registry	webdav-feature	4.7.35		N/A
org.wso2.carbon.registry	webdav-feature	4.7.36		N/A
org.wso2.carbon.registry	webdav-feature	4.7.37		N/A
org.wso2.carbon.registry	webdav-feature	4.7.38		N/A
org.wso2.carbon.registry	webdav-feature	4.7.39		N/A
org.wso2.carbon.registry	webdav-feature	4.7.40		N/A
org.wso2.carbon.registry	webdav-feature	4.7.41		N/A
org.wso2.carbon.registry	webdav-feature	4.7.42		N/A
org.wso2.carbon.registry	webdav-feature	4.7.43		N/A
org.wso2.carbon.registry	webdav-feature	4.7.44		N/A
org.wso2.carbon.registry	webdav-feature	4.7.45		N/A
org.wso2.carbon.registry	webdav-feature	4.7.46		N/A
org.wso2.carbon.registry	webdav-feature	4.7.47		N/A
org.wso2.carbon.registry	webdav-feature	4.7.48		N/A
org.wso2.carbon.registry	webdav-feature	4.7.49		N/A
org.wso2.carbon.registry	webdav-feature	4.7.50		N/A
org.wso2.carbon.registry	webdav-feature	4.8.0		N/A
org.wso2.carbon.registry	webdav-feature	4.8.1		N/A
org.wso2.carbon.registry	webdav-feature	4.8.10		N/A
org.wso2.carbon.registry	webdav-feature	4.8.11		N/A
org.wso2.carbon.registry	webdav-feature	4.8.12		N/A
org.wso2.carbon.registry	webdav-feature	4.8.13		N/A
org.wso2.carbon.registry	webdav-feature	4.8.14		N/A
org.wso2.carbon.registry	webdav-feature	4.8.15		N/A
org.wso2.carbon.registry	webdav-feature	4.8.2		N/A
org.wso2.carbon.registry	webdav-feature	4.8.21		N/A
org.wso2.carbon.registry	webdav-feature	4.8.23		N/A
org.wso2.carbon.registry	webdav-feature	4.8.24		N/A
org.wso2.carbon.registry	webdav-feature	4.8.30		N/A
org.wso2.carbon.registry	webdav-feature	4.8.33		N/A
org.wso2.carbon.registry	webdav-feature	4.8.35		N/A
org.wso2.carbon.registry	webdav-feature	4.8.7		N/A
org.wso2.carbon.registry	webdav-feature	4.8.8		N/A
org.wso2.carbon.registry	webdav-feature	4.8.9		N/A
org.wso2.orbit.org.quartz-scheduler	quartz	2.3.0.wso2v3		20f947b5446f50f682b2fad8a690af1f9d2f9800
science.aist.machinelearning	machinelearning-example-ils-genome	1.0.0		ff61782f7b85b9658d621ce3008924567c43aaab
shop.terminal.api	terminal-java	0.1.0-alpha.1		424f3096fed4b4d61556eaa06bd24902cf6ccee8
shop.terminal.api	terminal-java	0.1.0-alpha.2		194a318c2599d0b0676aee23b249fd1e20362b37
shop.terminal.api	terminal-java	0.1.0-alpha.3		b5e3b599ec780d6b00c988ac8dfbd466eafdc166
shop.terminal.api	terminal-java	0.1.0-alpha.4		b104409eecd906512f7cc8b7806ad1b106c19554
shop.terminal.api	terminal-java	0.1.0-alpha.5		0aa9753cd31bd98fccbaf4f067574fe95c3a874d
shop.terminal.api	terminal-java	0.1.0-alpha.6		de3b05eab09ee5b399fa2169227dac7ffc77d32f
shop.terminal.api	terminal-java	0.1.0-alpha.7		5dbebdd11b18dee322eb5c3050bc183dfecf0ee6
shop.terminal.api	terminal-java	0.1.0-alpha.8		749d2c79612228a38d490daccfca160182ce2159
shop.terminal.api	terminal-java	1.0.0		57347c3422c32dea2e75d03366ff6b5b0b17f3ed
shop.terminal.api	terminal-java	1.1.0		00142ee0fd27342ac3932097b3b54b81df1483e2
shop.terminal.api	terminal-java	1.2.0		ac49e8590a2f206c644ce024ff3dec76db904950
shop.terminal.api	terminal-java	1.3.0		ee9d0e758e4803af42845571dbebd5227caf5348
shop.terminal.api	terminal-java	1.4.0		292c6b8fcc97361a9e114352c11ada215c3fa8c2
shop.terminal.api	terminal-java	1.5.0		338853a683843a2ff10f7b318c0b302c70eb4fa0
shop.terminal.api	terminal-java	1.6.0		aa133ccd7699d3d6c15535e03830894e4192d3c2
shop.terminal.api	terminal-java	1.6.1		5327e150f431ec42a10e7a995e46e2b02bf27d1e
shop.terminal.api	terminal-java	1.6.2		4ff1daffd0f2c17e673ee7c32738a6068b9bcc9d
shop.terminal.api	terminal-java	2.0.0		790139e779f7a1fe7152c87c7bb08da74c936df4
shop.terminal.api	terminal-java	2.1.0		63cda5ff4e8d50233bc610f0ddd024838c375853
shop.terminal.api	terminal-java	2.2.0		9b64ce629852c82767d80bcc07ed70b4c857bb0c
shop.terminal.api	terminal-java	2.3.0		e57fe77590ff889aa100309c30b27fb077f67484
shop.terminal.api	terminal-java	2.4.0		3aa1a1a10b5f4dc5848320cd6161525f2379249e
shop.terminal.api	terminal-java	2.5.0		6a90bf9325c90e3476339be596addb1d79b00185
vip.xiaonuo.nacos	nacos-auth-plugin	2.1.2		075cff97c3559fc7055ea326bd7215b0ec7eb297
vip.xiaonuo.nacos	nacos-auth-plugin	2.1.2.GA		4a68c32ae0dc1a458b68939b68b20dcb4a8fd3c9
vip.xiaonuo.nacos	nacos-auth-plugin	2.1.2.RELEASE		d4f15b5e0234fab9bbd677634eb3848f2063daa7
vip.xiaonuo.nacos	nacos-auth-plugin	2.3.1		a23cd9c960ced1e07346f66a1d978b8277682442
