africa.absa	inception-error-api	1.0.0		000ebebf42dfe0f8677b787d5602d56236cf80ab
africa.absa	inception-error-api	1.0.1		b84015b1f9b5b1ed2490519339fb6ff52ddec4d5
africa.absa	inception-error-api	1.1.0		0484ae16722c5f7a63230035738718cd6597a8ce
africa.absa	inception-error-api	1.1.1		f22dd9d571187d65cfffcd782a2b098e85a372a8
africa.absa	inception-error-api	1.2.0		4b7c092c891c2347ed95fb01b9ac0e00645a0965
be.billington.android.light-sensitive-color	demo	1.0.1		3f27e0ccd957f0c2edd5d36cb2b90d1e7e1102b7
co.touchlab	kermit-sentry-watchosx64	1.1.0		N/A
co.touchlab	kermit-sentry-watchosx64	1.1.0	metadata	06ab3411ee8dc032e4c5ebf0000f2fa7846364f6
co.touchlab	kermit-sentry-watchosx64	1.1.1		N/A
co.touchlab	kermit-sentry-watchosx64	1.1.1	metadata	d4cdd3ffccf3b50b64685214e56eef0d8aacd904
co.touchlab	kermit-sentry-watchosx64	1.1.2		N/A
co.touchlab	kermit-sentry-watchosx64	1.1.2	metadata	18205288c22d337b34bbb3cce2a767c5fe879be1
co.touchlab	kermit-sentry-watchosx64	1.1.3		N/A
co.touchlab	kermit-sentry-watchosx64	1.1.3	metadata	a93f8d4c5b9ab94ec40bed938ac924fbbb82075e
co.touchlab	kermit-sentry-watchosx64	1.2.0-M2		N/A
co.touchlab	kermit-sentry-watchosx64	1.2.0-M2	metadata	98e3f1e6fd131308f6bbfa735951f7472e900053
co.touchlab.skie	configuration-annotations-2.1.20-mingwx64	0.10.2-preview.2.1.20		N/A
com.cedarsoftware	java-util	1.10.0		fc582c082c104a33fc324a67b120536da0c0bf9d
com.cedarsoftware	java-util	1.11.0		48750d3351a9b6650d64d2f334db4b2352a9a679
com.cedarsoftware	java-util	1.11.1		9254cbaabff564b6e857e996e0b8a4c2581a207c
com.cedarsoftware	java-util	1.11.2		2ad18cf14122052cc9cbae1f98df78258d898029
com.cedarsoftware	java-util	1.11.3		a14889de764393a32e408aecaa0bfc0423c15976
com.cedarsoftware	java-util	1.12.0		937668ef66a5d71797929744ccbc48378e6873cc
com.cedarsoftware	java-util	1.13.0		1032adfbf2e8f4fb3eee9eaa2d38576076d108a1
com.cedarsoftware	java-util	1.13.3		c9ca0ee65989cd6f348ca0c0aa7a306864cacf99
com.cedarsoftware	java-util	1.14.0		0d6ea2c453b917d8cdcb39a4161ee05af20d0830
com.cedarsoftware	java-util	1.14.1		c8014cca7fc5a58de0bc358e386edfc4a20df467
com.cedarsoftware	java-util	1.15.0		b994215441b21fa3dd89d1d7ad480413dafa1ffc
com.cedarsoftware	java-util	1.16.0		2a83c8321249ce15e57abeb4500fc61d9d5d7a9b
com.cedarsoftware	java-util	1.16.1		476a8c0cec971b8e2aa2da44da92e18a03530d59
com.cedarsoftware	java-util	1.17.0		d3e88b82056bfa7fd3ca4cdb70c7a0afa413e257
com.cedarsoftware	java-util	1.17.1		b9eded525a75e56ffbd25d0b990706fa5704a96e
com.cedarsoftware	java-util	1.18.0		3d6855800c925690f69bb9260c554ea8b58d4016
com.cedarsoftware	java-util	1.18.1		dcbe724c33ddcd0c0cb26de3c5581be6683829a9
com.cedarsoftware	java-util	1.19.0		34758b9836241c2645855ec48b8167c994a438b1
com.cedarsoftware	java-util	1.19.1		8f91dd6923756f57057efd658df8eaaa66fe1997
com.cedarsoftware	java-util	1.19.2		0ca54f7068a775e1c55aeb8cddad25d4d2b74b54
com.cedarsoftware	java-util	1.19.3		0bd434c9932a7adfab0f1393f38a2063461edbb4
com.cedarsoftware	java-util	1.2.0		9c0674de9e38a394a59fc917c4acff1780c5ff3b
com.cedarsoftware	java-util	1.20.0		93f394acaab52857f497374592cf8e2c546329c2
com.cedarsoftware	java-util	1.20.1		e231a71020012b6e7f2c03ca9a87f6a8aa3b382d
com.cedarsoftware	java-util	1.20.2		a46ce51e1d9eee67d408d8df013686cefa1c0721
com.cedarsoftware	java-util	1.20.3		8c353b1b08f04884cd11f0c582c7041e12c97627
com.cedarsoftware	java-util	1.20.4		e58d0de4591f512b2af8b4d9b5952bf83b49f91b
com.cedarsoftware	java-util	1.20.5		1e713c2c45289b568ebdcde0a85e92bd644be424
com.cedarsoftware	java-util	1.21.0		2993ee800d9f950306bc8e7e5e0a2b044681da31
com.cedarsoftware	java-util	1.22.0		dd10d90d09616ac690eff1c36a8f4f8c9d6d609b
com.cedarsoftware	java-util	1.23.0		d7f79e43fdf8001b4347b54ec334b56f00b2ce08
com.cedarsoftware	java-util	1.24.0		7c4e6a50584430094271c89e0be006904de29e37
com.cedarsoftware	java-util	1.25.0		f8e5a104e4d877d3aa41b44ed85701ee8258ae77
com.cedarsoftware	java-util	1.25.1		390fdd42b80b2ed5a999f1b01f5f79bbb3bfb786
com.cedarsoftware	java-util	1.26.0		4f299516aff0af37ac575a16f6d6141ef2e675ea
com.cedarsoftware	java-util	1.26.1		b53c9272efaa5c402738d08308a640e2f78a246a
com.cedarsoftware	java-util	1.27.0		0090430c0a7e80b334dcaf9f56e681f72d251367
com.cedarsoftware	java-util	1.28.0		6ce0049f1193a4b19c86779d750ddbe04374a278
com.cedarsoftware	java-util	1.28.1		4c55df3dfdb5dbef1d05562c83dea551fbd627ab
com.cedarsoftware	java-util	1.28.2		d5f9bd71638e231cca637be1fd75845fa6c2320b
com.cedarsoftware	java-util	1.29.0		cad94bd6417d1c811d0547e7b78b1245bf91c5f1
com.cedarsoftware	java-util	1.30.0		afc0399bd0085dec002943b769c9a0312ac8807a
com.cedarsoftware	java-util	1.31.0		8da260fdcaf8726ba728da8a46b2bc251a7748f5
com.cedarsoftware	java-util	1.31.1		03dc656bad55c5cccaa6d7893a0007c369e546d1
com.cedarsoftware	java-util	1.32.0		6a3ae8e9d2c44de09290d1bbb0f3ca80b5db9f34
com.cedarsoftware	java-util	1.33.0		47e32d56735fc105949e55283a5c3e431aab9af5
com.cedarsoftware	java-util	1.34.0		c08a90aaa00f094f61e9e75ec140b4078e1ec26f
com.cedarsoftware	java-util	1.34.1		f00d3c1a5961cdd4e504bbde25a926e6e6e57938
com.cedarsoftware	java-util	1.34.2		2c08ed05f6880fbbf3dd970646573d5d728b60ce
com.cedarsoftware	java-util	1.35.0		a2c32dd1d17f245dae7d6134faa505042f9f8f25
com.cedarsoftware	java-util	1.36.0		49ce5ab22f787445b3cdaa45a5ad9603d1cb4535
com.cedarsoftware	java-util	1.37.0		111c1afc1468b904bc8e919667886895faa5eb94
com.cedarsoftware	java-util	1.38.0		ac1f0f9fe1192451357f54bce920be423a7156bf
com.cedarsoftware	java-util	1.39.0		78e005cccff6fa5c997e9e823f55556aa2d1f838
com.cedarsoftware	java-util	1.4.0		43dd422534cd3f311ec4ef2eda63c6565fc5b031
com.cedarsoftware	java-util	1.40.0		b607cc7fd142ad149015ba76b8f952446c0ccd2e
com.cedarsoftware	java-util	1.41.0		8925b3070eddfd33ea5579b8f75f7431db6e3835
com.cedarsoftware	java-util	1.42.0		b569326542f141d325fbf449ff21097b3519842f
com.cedarsoftware	java-util	1.43.0		1f2f184d316219846b4099d703e081b320cd4d04
com.cedarsoftware	java-util	1.44.0		4be61e3098b12d78db2ff1266cdb46ffbb0f94cd
com.cedarsoftware	java-util	1.45.0		0b64a1f8e9f0d69a15aff5138a52da877e593738
com.cedarsoftware	java-util	1.46.0		01c6e5df5e12ab4d7448a2fecd2e26d232f04087
com.cedarsoftware	java-util	1.47.0		95508da458b7588a214d32045d9633ffc234482a
com.cedarsoftware	java-util	1.48.0		ac608e1a7c23fa357f28ec21884d4ab2dfc034c5
com.cedarsoftware	java-util	1.49.0		ef8023817dd4261e2ec076b094d6fb4ddc94561a
com.cedarsoftware	java-util	1.5.0		d7bf1678762d531843651a8027603d0493653073
com.cedarsoftware	java-util	1.5.1		798e0b07fadcc7d80d6408299c62ba192d979a01
com.cedarsoftware	java-util	1.50.0		710c70a39cbcf1665db4ff5015b39af19aaaf8e9
com.cedarsoftware	java-util	1.51.0		b72fdba2fdf367eb4c5a9b001e39d4e99cd199cd
com.cedarsoftware	java-util	1.52.0		ef45c4d7f93441094e66d203c816acaf90a4a921
com.cedarsoftware	java-util	1.53.0		0bf01308992b6562a0fbe373eeeb388f3b4fca3b
com.cedarsoftware	java-util	1.6.0		9c1cbff747dac456656a21c0f5d1ec697555f0e9
com.cedarsoftware	java-util	1.60.0		9d2c9defb6de84950aa0fa08ffbc9f000af0b264
com.cedarsoftware	java-util	1.61.0		4671af199ea381125ffd855193c009225b439ed9
com.cedarsoftware	java-util	1.62.0		48818243afccd09e9d7df4c5ef654bf725461c67
com.cedarsoftware	java-util	1.63.0		62ee4527254a494a75b7a63bbf58539f6bf4db91
com.cedarsoftware	java-util	1.64.0		5c397c13e21309e75e2354e4fc1fdee4549bfa4d
com.cedarsoftware	java-util	1.65.0		5813d79b26751473ecfe331d85a9dae959f1619c
com.cedarsoftware	java-util	1.66.0		47464ac55cfa9bc2681626f5978829137f031afb
com.cedarsoftware	java-util	1.67.0		2a4be5050ceb37d1446196a71c9a2b902e03ecbc
com.cedarsoftware	java-util	1.68.0		e34f8942f577cfe3a9fcafed87c1e3701a84f2cb
com.cedarsoftware	java-util	1.7.0		30d0c9ec0e1ceebee00be851556386e60505fb21
com.cedarsoftware	java-util	1.7.1		486adc6c80be9fd06b7c5dafa80f790842cf03c3
com.cedarsoftware	java-util	1.7.2		0a01bcad08c1da0f9a84392e1b62490b4abfa79e
com.cedarsoftware	java-util	1.7.4		d0c61f2792448cccf711a996faf77e235ab290a2
com.cedarsoftware	java-util	1.8.0		9a37997b13af5016688b648d7177d4da17399b40
com.cedarsoftware	java-util	1.8.1		8efd22aac83c128230ef4d91d0f884a772701101
com.cedarsoftware	java-util	1.8.2		9881428144db50734eded019ec3f4d4662a14412
com.cedarsoftware	java-util	1.8.3		8dae76e7fff05be02a5fe9706c0ee34073d65e2d
com.cedarsoftware	java-util	1.8.4		19e6a922db7af51b90d6053d30bae7ff0be7c9e1
com.cedarsoftware	java-util	1.9.0		c5f6deb3213a693d0cc20a78b1052ecc9a2df09c
com.cedarsoftware	java-util	1.9.1		a7653a2774745c341718e6bd18e90d1d089bfa68
com.cedarsoftware	java-util	1.9.2		78ec8369fd756b2a8bf0737d275eb11507a652b3
com.cedarsoftware	java-util	2.0.0		07cdce491c29122dc4a959a69f51064ef63eed31
com.cedarsoftware	java-util	2.1.0		fe0aca135d7541a1ba1f78fd87994ce2e499bb17
com.cedarsoftware	java-util	2.1.1		fa231b79ee2810db04d81b360cdaf7c722a56fe5
com.cedarsoftware	java-util	2.10.0		dee36b137cedade6335b18142c68daa29fd1ed74
com.cedarsoftware	java-util	2.11.0		9543e6490b0cd47f30ea14db91396f4de6cdf1bd
com.cedarsoftware	java-util	2.12.0		8c3cbcd88b7bea10b2b6978bb35f1131f1619682
com.cedarsoftware	java-util	2.13.0		4a32a9e5fee67bcc762e8ba837d0d074beb4f70e
com.cedarsoftware	java-util	2.14.0		ea0651dad686e33158576b260925c5d14c80045c
com.cedarsoftware	java-util	2.15.0		b334f681daff6a9f7558d7ff09b3847f15917adb
com.cedarsoftware	java-util	2.16.0		364a7499e5efbfa10342aaa1bc835203c5f4f032
com.cedarsoftware	java-util	2.17.0		2c522370f729c0c953e5b2b6b73f70e2b5518bc0
com.cedarsoftware	java-util	2.18.0		bf5864fc9f18548e169250843c1e8de783be80a8
com.cedarsoftware	java-util	2.2.0		91b032615aa3b8e3d222ae9503bd7f60f30cb398
com.cedarsoftware	java-util	2.3.0		30fd2a4c1d974a9b32f41e059e540b59f270d3c9
com.cedarsoftware	java-util	2.4.0		db6b452cb8440e97aad414b017586bc9455476c4
com.cedarsoftware	java-util	2.4.1		fbeb7150e214907435451eaef2d0d5dff1120fa7
com.cedarsoftware	java-util	2.4.2		1603228db436b50d73881e88999347b29fe2d201
com.cedarsoftware	java-util	2.4.3		887a8961e9c3594920aef1005747a1e359fd7e52
com.cedarsoftware	java-util	2.4.4		e8cd82221bd064a620521e7f49cbb6169ba7c797
com.cedarsoftware	java-util	2.4.5		6e6ec6dde6e09f11fa37676cb55e5cc840e23251
com.cedarsoftware	java-util	2.4.6		a09c5d5fae82185346e5fc2c586cc071b419495e
com.cedarsoftware	java-util	2.4.7		4545d566e360df0f3cb0daaa1c54aaea9014401f
com.cedarsoftware	java-util	2.4.8		15f5f1d8a68352651f80ca55cb76f100ff026726
com.cedarsoftware	java-util	2.4.9		778659d7db0a7c90cd4b0017c3f14dfb5805a240
com.cedarsoftware	java-util	2.5.0		06e1f5c59254a14b8ef973d438fc0969f75671f5
com.cedarsoftware	java-util	2.6.0		01bd6ad432fb06534410ea5890c28a1d21c5d696
com.cedarsoftware	java-util	2.7.0		574b43d4fff7cd50c48b710c0da6da53c942bc42
com.cedarsoftware	java-util	2.8.0		490c7b7cab1a72325184e3c2744b78c66719d4fb
com.cedarsoftware	java-util	2.9.0		a9880fe4024bb9ae1f25595491b67b822244e35d
com.cedarsoftware	java-util	3.0.0		08862dfbb69bf392ba672181d105469fc708303e
com.cedarsoftware	java-util	3.0.1		12609e274e21429498e7a506a6ee1768cbf99f37
com.cedarsoftware	java-util	3.0.2		403d2b07a93020e8d7eb4af50434458b37241aa1
com.cedarsoftware	java-util	3.0.3		f7369fff861d974a22d8a7ba91eb095c0b461b04
com.cedarsoftware	java-util	3.1.0		5af534dd30bfa61f3e9c2c38d2dbfadb88d9ee6c
com.cedarsoftware	java-util	3.1.1		55b6aac0772a604662a607bed726a5917d1cbbd6
com.cedarsoftware	java-util	3.2.0		250a123ff6c31ddae97401edb82c2a8cf82a98df
com.cedarsoftware	java-util	3.3.0		fb58d44372d00e278d7502ad631f8842c005b9ca
com.cedarsoftware	java-util	3.3.1		030a0f5e9fdc25e45fbf0d3d37075cad5085c984
com.cloudbees.clickstack	cloudbees-clickstack-javaagent	1.2.0		319873c60c41ab05753b5d862de9a8b7dde3541b
com.cloudbees.clickstack	cloudbees-clickstack-javaagent	1.2.1		74faa340c75875be85b076a560cd76d278bdb683
com.coherentlogic.enterprise-data-adapter	data-model-security-core	2.0.2-RELEASE		b5e34743713dd7fd5a0cb410a1124b0f23ae1203
com.coherentlogic.enterprise-data-adapter	data-model-security-core	2.0.2.1-RELEASE		7ce409bce0ca55c28e353c005be447eefcb8df1f
com.coherentlogic.enterprise-data-adapter	data-model-security-core	2.0.3-RELEASE		26c2470059dbd297278ce7c4e98d035651b8874c
com.currencyfair	onesignal	1.0.10		f58918c6a8f3807c58216ea68605f8f60907e484
com.currencyfair	onesignal	1.0.11		73036661d6d5a7e357941dd0a6732976967a77d0
com.currencyfair	onesignal	1.0.14		e6eb0a465c0157e737c3fed13e1384b83ae16ff7
com.currencyfair	onesignal	1.0.15		bf0f1642ab3252f40767163a7b6a264d205cf2b7
com.currencyfair	onesignal	1.0.18		2ded3a589fd8ad003da57d6068117be1ee58a3be
com.currencyfair	onesignal	1.0.5		9a79f3b4e93aebbe4b87779d2cdb340c82fc1ca1
com.currencyfair	onesignal	1.0.6		4538b3a85928bd5e28978f4eb834246ff800db49
com.currencyfair	onesignal	1.0.7		cdafbfdc25abde71740eed6d64699ef21a5ef287
com.currencyfair	onesignal	1.0.8		7f132a0f9f97445b21216dfd2c57168c54597363
com.currencyfair	onesignal	1.0.9		83f15624a664af2b8437892e75c169641fac2f4f
com.dimajix.flowman	flowman-root	0.19.0		N/A
com.dimajix.flowman	flowman-root	0.19.0-cdh6-spark2.4-hadoop3.0		N/A
com.dimajix.flowman	flowman-root	0.19.0-cdp7-spark2.4-hadoop3.1		N/A
com.dimajix.flowman	flowman-root	0.19.0-oss-spark2.4-hadoop2.6		N/A
com.dimajix.flowman	flowman-root	0.19.0-oss-spark2.4-hadoop2.7		N/A
com.dimajix.flowman	flowman-root	0.19.0-oss-spark3.0-hadoop2.7		N/A
com.dimajix.flowman	flowman-root	0.19.0-oss-spark3.0-hadoop3.2		N/A
com.dimajix.flowman	flowman-root	0.19.0-oss-spark3.1-hadoop2.7		N/A
com.dimajix.flowman	flowman-root	0.19.0-oss-spark3.1-hadoop3.2		N/A
com.dimajix.flowman	flowman-root	0.19.0-oss-spark3.2-hadoop2.7		N/A
com.dimajix.flowman	flowman-root	0.19.0-oss-spark3.2-hadoop3.3		N/A
com.dimajix.flowman	flowman-root	0.2.0		N/A
com.dimajix.flowman	flowman-root	0.20.0		N/A
com.dimajix.flowman	flowman-root	0.20.0-cdh6-spark2.4-hadoop3.0		N/A
com.dimajix.flowman	flowman-root	0.20.0-cdp7-spark2.4-hadoop3.1		N/A
com.dimajix.flowman	flowman-root	0.20.0-oss-spark2.4-hadoop2.6		N/A
com.dimajix.flowman	flowman-root	0.20.0-oss-spark2.4-hadoop2.7		N/A
com.dimajix.flowman	flowman-root	0.20.0-oss-spark3.0-hadoop2.7		N/A
com.dimajix.flowman	flowman-root	0.20.0-oss-spark3.0-hadoop3.2		N/A
com.dimajix.flowman	flowman-root	0.20.0-oss-spark3.1-hadoop2.7		N/A
com.dimajix.flowman	flowman-root	0.20.0-oss-spark3.1-hadoop3.2		N/A
com.dimajix.flowman	flowman-root	0.20.0-oss-spark3.2-hadoop2.7		N/A
com.dimajix.flowman	flowman-root	0.20.0-oss-spark3.2-hadoop3.3		N/A
com.dimajix.flowman	flowman-root	0.20.1		N/A
com.dimajix.flowman	flowman-root	0.20.1-cdh6-spark2.4-hadoop3.0		N/A
com.dimajix.flowman	flowman-root	0.20.1-cdp7-spark2.4-hadoop3.1		N/A
com.dimajix.flowman	flowman-root	0.20.1-oss-spark2.4-hadoop2.6		N/A
com.dimajix.flowman	flowman-root	0.20.1-oss-spark2.4-hadoop2.7		N/A
com.dimajix.flowman	flowman-root	0.20.1-oss-spark3.0-hadoop2.7		N/A
com.dimajix.flowman	flowman-root	0.20.1-oss-spark3.0-hadoop3.2		N/A
com.dimajix.flowman	flowman-root	0.20.1-oss-spark3.1-hadoop2.7		N/A
com.dimajix.flowman	flowman-root	0.20.1-oss-spark3.1-hadoop3.2		N/A
com.dimajix.flowman	flowman-root	0.20.1-oss-spark3.2-hadoop2.7		N/A
com.dimajix.flowman	flowman-root	0.20.1-oss-spark3.2-hadoop3.3		N/A
com.dimajix.flowman	flowman-root	0.21.0		N/A
com.dimajix.flowman	flowman-root	0.21.0-cdh6-spark2.4-hadoop3.0		N/A
com.dimajix.flowman	flowman-root	0.21.0-cdp7-spark2.4-hadoop3.1		N/A
com.dimajix.flowman	flowman-root	0.21.0-oss-spark2.4-hadoop2.6		N/A
com.dimajix.flowman	flowman-root	0.21.0-oss-spark2.4-hadoop2.7		N/A
com.dimajix.flowman	flowman-root	0.21.0-oss-spark3.0-hadoop2.7		N/A
com.dimajix.flowman	flowman-root	0.21.0-oss-spark3.0-hadoop3.2		N/A
com.dimajix.flowman	flowman-root	0.21.0-oss-spark3.1-hadoop2.7		N/A
com.dimajix.flowman	flowman-root	0.21.0-oss-spark3.1-hadoop3.2		N/A
com.dimajix.flowman	flowman-root	0.21.0-oss-spark3.2-hadoop2.7		N/A
com.dimajix.flowman	flowman-root	0.21.0-oss-spark3.2-hadoop3.3		N/A
com.dimajix.flowman	flowman-root	0.22.0		N/A
com.dimajix.flowman	flowman-root	0.22.0-cdh6-spark2.4-hadoop3.0		N/A
com.dimajix.flowman	flowman-root	0.22.0-cdp7-spark2.4-hadoop3.1		N/A
com.dimajix.flowman	flowman-root	0.22.0-oss-spark2.4-hadoop2.6		N/A
com.dimajix.flowman	flowman-root	0.22.0-oss-spark2.4-hadoop2.7		N/A
com.dimajix.flowman	flowman-root	0.22.0-oss-spark3.0-hadoop2.7		N/A
com.dimajix.flowman	flowman-root	0.22.0-oss-spark3.0-hadoop3.2		N/A
com.dimajix.flowman	flowman-root	0.22.0-oss-spark3.1-hadoop2.7		N/A
com.dimajix.flowman	flowman-root	0.22.0-oss-spark3.1-hadoop3.2		N/A
com.dimajix.flowman	flowman-root	0.22.0-oss-spark3.2-hadoop2.7		N/A
com.dimajix.flowman	flowman-root	0.22.0-oss-spark3.2-hadoop3.3		N/A
com.dimajix.flowman	flowman-root	0.23.0		N/A
com.dimajix.flowman	flowman-root	0.23.0-cdh6-spark2.4-hadoop3.0		N/A
com.dimajix.flowman	flowman-root	0.23.0-cdp7-spark2.4-hadoop3.1		N/A
com.dimajix.flowman	flowman-root	0.23.0-oss-spark2.4-hadoop2.6		N/A
com.dimajix.flowman	flowman-root	0.23.0-oss-spark2.4-hadoop2.7		N/A
com.dimajix.flowman	flowman-root	0.23.0-oss-spark3.0-hadoop2.7		N/A
com.dimajix.flowman	flowman-root	0.23.0-oss-spark3.0-hadoop3.2		N/A
com.dimajix.flowman	flowman-root	0.23.0-oss-spark3.1-hadoop2.7		N/A
com.dimajix.flowman	flowman-root	0.23.0-oss-spark3.1-hadoop3.2		N/A
com.dimajix.flowman	flowman-root	0.23.0-oss-spark3.2-hadoop2.7		N/A
com.dimajix.flowman	flowman-root	0.23.0-oss-spark3.2-hadoop3.3		N/A
com.dimajix.flowman	flowman-root	0.23.1		N/A
com.dimajix.flowman	flowman-root	0.23.1-cdh6-spark2.4-hadoop3.0		N/A
com.dimajix.flowman	flowman-root	0.23.1-cdp7-spark2.4-hadoop3.1		N/A
com.dimajix.flowman	flowman-root	0.23.1-oss-spark2.4-hadoop2.6		N/A
com.dimajix.flowman	flowman-root	0.23.1-oss-spark2.4-hadoop2.7		N/A
com.dimajix.flowman	flowman-root	0.23.1-oss-spark3.0-hadoop2.7		N/A
com.dimajix.flowman	flowman-root	0.23.1-oss-spark3.0-hadoop3.2		N/A
com.dimajix.flowman	flowman-root	0.23.1-oss-spark3.1-hadoop2.7		N/A
com.dimajix.flowman	flowman-root	0.23.1-oss-spark3.1-hadoop3.2		N/A
com.dimajix.flowman	flowman-root	0.23.1-oss-spark3.2-hadoop2.7		N/A
com.dimajix.flowman	flowman-root	0.23.1-oss-spark3.2-hadoop3.3		N/A
com.dimajix.flowman	flowman-root	0.24.0		N/A
com.dimajix.flowman	flowman-root	0.24.0-cdh6-spark2.4-hadoop3.0		N/A
com.dimajix.flowman	flowman-root	0.24.0-cdp7-spark2.4-hadoop3.1		N/A
com.dimajix.flowman	flowman-root	0.24.0-oss-spark2.4-hadoop2.6		N/A
com.dimajix.flowman	flowman-root	0.24.0-oss-spark2.4-hadoop2.7		N/A
com.dimajix.flowman	flowman-root	0.24.0-oss-spark3.0-hadoop2.7		N/A
com.dimajix.flowman	flowman-root	0.24.0-oss-spark3.0-hadoop3.2		N/A
com.dimajix.flowman	flowman-root	0.24.0-oss-spark3.1-hadoop2.7		N/A
com.dimajix.flowman	flowman-root	0.24.0-oss-spark3.1-hadoop3.2		N/A
com.dimajix.flowman	flowman-root	0.24.0-oss-spark3.2-hadoop2.7		N/A
com.dimajix.flowman	flowman-root	0.24.0-oss-spark3.2-hadoop3.3		N/A
com.dimajix.flowman	flowman-root	0.24.1		N/A
com.dimajix.flowman	flowman-root	0.24.1-cdh6-spark2.4-hadoop3.0		N/A
com.dimajix.flowman	flowman-root	0.24.1-cdp7-spark2.4-hadoop3.1		N/A
com.dimajix.flowman	flowman-root	0.24.1-oss-spark2.4-hadoop2.6		N/A
com.dimajix.flowman	flowman-root	0.24.1-oss-spark2.4-hadoop2.7		N/A
com.dimajix.flowman	flowman-root	0.24.1-oss-spark3.0-hadoop2.7		N/A
com.dimajix.flowman	flowman-root	0.24.1-oss-spark3.0-hadoop3.2		N/A
com.dimajix.flowman	flowman-root	0.24.1-oss-spark3.1-hadoop2.7		N/A
com.dimajix.flowman	flowman-root	0.24.1-oss-spark3.1-hadoop3.2		N/A
com.dimajix.flowman	flowman-root	0.24.1-oss-spark3.2-hadoop2.7		N/A
com.dimajix.flowman	flowman-root	0.24.1-oss-spark3.2-hadoop3.3		N/A
com.dimajix.flowman	flowman-root	0.25.0		N/A
com.dimajix.flowman	flowman-root	0.25.0-cdh6-spark2.4-hadoop3.0		N/A
com.dimajix.flowman	flowman-root	0.25.0-cdp7-spark2.4-hadoop3.1		N/A
com.dimajix.flowman	flowman-root	0.25.0-oss-spark2.4-hadoop2.6		N/A
com.dimajix.flowman	flowman-root	0.25.0-oss-spark2.4-hadoop2.7		N/A
com.dimajix.flowman	flowman-root	0.25.0-oss-spark3.0-hadoop2.7		N/A
com.dimajix.flowman	flowman-root	0.25.0-oss-spark3.0-hadoop3.2		N/A
com.dimajix.flowman	flowman-root	0.25.0-oss-spark3.1-hadoop2.7		N/A
com.dimajix.flowman	flowman-root	0.25.0-oss-spark3.1-hadoop3.2		N/A
com.dimajix.flowman	flowman-root	0.25.0-oss-spark3.2-hadoop2.7		N/A
com.dimajix.flowman	flowman-root	0.25.0-oss-spark3.2-hadoop3.3		N/A
com.dimajix.flowman	flowman-root	0.26.0-cdh6-spark2.4-hadoop3.0		N/A
com.dimajix.flowman	flowman-root	0.26.0-cdp7-spark2.4-hadoop3.1		N/A
com.dimajix.flowman	flowman-root	0.26.0-oss-spark2.4-hadoop2.6		N/A
com.dimajix.flowman	flowman-root	0.26.0-oss-spark2.4-hadoop2.7		N/A
com.dimajix.flowman	flowman-root	0.26.0-oss-spark3.0-hadoop2.7		N/A
com.dimajix.flowman	flowman-root	0.26.0-oss-spark3.0-hadoop3.2		N/A
com.dimajix.flowman	flowman-root	0.26.0-oss-spark3.1-hadoop2.7		N/A
com.dimajix.flowman	flowman-root	0.26.0-oss-spark3.1-hadoop3.2		N/A
com.dimajix.flowman	flowman-root	0.26.0-oss-spark3.2-hadoop2.7		N/A
com.dimajix.flowman	flowman-root	0.26.0-oss-spark3.2-hadoop3.3		N/A
com.dimajix.flowman	flowman-root	0.26.0-oss-spark3.3-hadoop2.7		N/A
com.dimajix.flowman	flowman-root	0.26.0-oss-spark3.3-hadoop3.3		N/A
com.dimajix.flowman	flowman-root	0.27.0		N/A
com.dimajix.flowman	flowman-root	0.27.0-cdh6-spark2.4-hadoop3.0		N/A
com.dimajix.flowman	flowman-root	0.27.0-cdp7-spark2.4-hadoop3.1		N/A
com.dimajix.flowman	flowman-root	0.27.0-oss-spark2.4-hadoop2.6		N/A
com.dimajix.flowman	flowman-root	0.27.0-oss-spark2.4-hadoop2.7		N/A
com.dimajix.flowman	flowman-root	0.27.0-oss-spark3.0-hadoop2.7		N/A
com.dimajix.flowman	flowman-root	0.27.0-oss-spark3.0-hadoop3.2		N/A
com.dimajix.flowman	flowman-root	0.27.0-oss-spark3.1-hadoop2.7		N/A
com.dimajix.flowman	flowman-root	0.27.0-oss-spark3.1-hadoop3.2		N/A
com.dimajix.flowman	flowman-root	0.27.0-oss-spark3.2-hadoop2.7		N/A
com.dimajix.flowman	flowman-root	0.27.0-oss-spark3.2-hadoop3.3		N/A
com.dimajix.flowman	flowman-root	0.27.0-oss-spark3.3-hadoop2.7		N/A
com.dimajix.flowman	flowman-root	0.27.0-oss-spark3.3-hadoop3.3		N/A
com.dimajix.flowman	flowman-root	0.28.0		N/A
com.dimajix.flowman	flowman-root	0.28.0-cdh6-spark2.4-hadoop3.0		N/A
com.dimajix.flowman	flowman-root	0.28.0-cdp7-spark2.4-hadoop3.1		N/A
com.dimajix.flowman	flowman-root	0.28.0-oss-spark2.4-hadoop2.6		N/A
com.dimajix.flowman	flowman-root	0.28.0-oss-spark2.4-hadoop2.7		N/A
com.dimajix.flowman	flowman-root	0.28.0-oss-spark3.0-hadoop2.7		N/A
com.dimajix.flowman	flowman-root	0.28.0-oss-spark3.0-hadoop3.2		N/A
com.dimajix.flowman	flowman-root	0.28.0-oss-spark3.1-hadoop2.7		N/A
com.dimajix.flowman	flowman-root	0.28.0-oss-spark3.1-hadoop3.2		N/A
com.dimajix.flowman	flowman-root	0.28.0-oss-spark3.2-hadoop2.7		N/A
com.dimajix.flowman	flowman-root	0.28.0-oss-spark3.2-hadoop3.3		N/A
com.dimajix.flowman	flowman-root	0.28.0-oss-spark3.3-hadoop2.7		N/A
com.dimajix.flowman	flowman-root	0.28.0-oss-spark3.3-hadoop3.3		N/A
com.dimajix.flowman	flowman-root	0.29.0		N/A
com.dimajix.flowman	flowman-root	0.29.0-cdh6-spark2.4-hadoop3.0		N/A
com.dimajix.flowman	flowman-root	0.29.0-cdp7-spark2.4-hadoop3.1		N/A
com.dimajix.flowman	flowman-root	0.29.0-emr6.8-spark3.3-hadoop3.2		N/A
com.dimajix.flowman	flowman-root	0.29.0-oss-spark2.4-hadoop2.6		N/A
com.dimajix.flowman	flowman-root	0.29.0-oss-spark2.4-hadoop2.7		N/A
com.dimajix.flowman	flowman-root	0.29.0-oss-spark3.0-hadoop2.7		N/A
com.dimajix.flowman	flowman-root	0.29.0-oss-spark3.0-hadoop3.2		N/A
com.dimajix.flowman	flowman-root	0.29.0-oss-spark3.1-hadoop2.7		N/A
com.dimajix.flowman	flowman-root	0.29.0-oss-spark3.1-hadoop3.2		N/A
com.dimajix.flowman	flowman-root	0.29.0-oss-spark3.2-hadoop2.7		N/A
com.dimajix.flowman	flowman-root	0.29.0-oss-spark3.2-hadoop3.3		N/A
com.dimajix.flowman	flowman-root	0.29.0-oss-spark3.3-hadoop2.7		N/A
com.dimajix.flowman	flowman-root	0.29.0-oss-spark3.3-hadoop3.3		N/A
com.dimajix.flowman	flowman-root	0.3.0		N/A
com.dimajix.flowman	flowman-root	0.30.0		N/A
com.dimajix.flowman	flowman-root	0.30.0-cdh6-spark2.4-hadoop3.0		N/A
com.dimajix.flowman	flowman-root	0.30.0-cdp7-spark2.4-hadoop3.1		N/A
com.dimajix.flowman	flowman-root	0.30.0-cdp7-spark3.2-hadoop3.1		N/A
com.dimajix.flowman	flowman-root	0.30.0-emr6.9-spark3.3-hadoop3.3		N/A
com.dimajix.flowman	flowman-root	0.30.0-oss-spark2.4-hadoop2.6		N/A
com.dimajix.flowman	flowman-root	0.30.0-oss-spark2.4-hadoop2.7		N/A
com.dimajix.flowman	flowman-root	0.30.0-oss-spark3.0-hadoop2.7		N/A
com.dimajix.flowman	flowman-root	0.30.0-oss-spark3.0-hadoop3.2		N/A
com.dimajix.flowman	flowman-root	0.30.0-oss-spark3.1-hadoop2.7		N/A
com.dimajix.flowman	flowman-root	0.30.0-oss-spark3.1-hadoop3.2		N/A
com.dimajix.flowman	flowman-root	0.30.0-oss-spark3.2-hadoop2.7		N/A
com.dimajix.flowman	flowman-root	0.30.0-oss-spark3.2-hadoop3.3		N/A
com.dimajix.flowman	flowman-root	0.30.0-oss-spark3.3-hadoop2.7		N/A
com.dimajix.flowman	flowman-root	0.30.0-oss-spark3.3-hadoop3.3		N/A
com.dimajix.flowman	flowman-root	0.4.0		N/A
com.dimajix.flowman	flowman-root	0.4.1		N/A
com.dimajix.flowman	flowman-root	0.6.1		N/A
com.dimajix.flowman	flowman-root	1.0.0		N/A
com.dimajix.flowman	flowman-root	1.0.0-cdh6-spark2.4-hadoop3.0		N/A
com.dimajix.flowman	flowman-root	1.0.0-cdp7-spark2.4-hadoop3.1		N/A
com.dimajix.flowman	flowman-root	1.0.0-cdp7-spark3.2-hadoop3.1		N/A
com.dimajix.flowman	flowman-root	1.0.0-cdp7-spark3.3-hadoop3.1		N/A
com.dimajix.flowman	flowman-root	1.0.0-emr6.10-spark3.3-hadoop3.3		N/A
com.dimajix.flowman	flowman-root	1.0.0-oss-spark2.4-hadoop2.6		N/A
com.dimajix.flowman	flowman-root	1.0.0-oss-spark2.4-hadoop2.7		N/A
com.dimajix.flowman	flowman-root	1.0.0-oss-spark3.0-hadoop2.7		N/A
com.dimajix.flowman	flowman-root	1.0.0-oss-spark3.0-hadoop3.2		N/A
com.dimajix.flowman	flowman-root	1.0.0-oss-spark3.1-hadoop2.7		N/A
com.dimajix.flowman	flowman-root	1.0.0-oss-spark3.1-hadoop3.2		N/A
com.dimajix.flowman	flowman-root	1.0.0-oss-spark3.2-hadoop2.7		N/A
com.dimajix.flowman	flowman-root	1.0.0-oss-spark3.2-hadoop3.3		N/A
com.dimajix.flowman	flowman-root	1.0.0-oss-spark3.3-hadoop2.7		N/A
com.dimajix.flowman	flowman-root	1.0.0-oss-spark3.3-hadoop3.3		N/A
com.dimajix.flowman	flowman-root	1.0.0-synapse3.3-spark3.3-hadoop3.3		N/A
com.dimajix.flowman	flowman-root	1.1.0		N/A
com.dimajix.flowman	flowman-root	1.1.0-cdh6-spark2.4-hadoop3.0		N/A
com.dimajix.flowman	flowman-root	1.1.0-cdp7-spark2.4-hadoop3.1		N/A
com.dimajix.flowman	flowman-root	1.1.0-cdp7-spark3.2-hadoop3.1		N/A
com.dimajix.flowman	flowman-root	1.1.0-cdp7-spark3.3-hadoop3.1		N/A
com.dimajix.flowman	flowman-root	1.1.0-emr6.12-spark3.4-hadoop3.3		N/A
com.dimajix.flowman	flowman-root	1.1.0-oss-spark2.4-hadoop2.6		N/A
com.dimajix.flowman	flowman-root	1.1.0-oss-spark2.4-hadoop2.7		N/A
com.dimajix.flowman	flowman-root	1.1.0-oss-spark3.0-hadoop2.7		N/A
com.dimajix.flowman	flowman-root	1.1.0-oss-spark3.0-hadoop3.2		N/A
com.dimajix.flowman	flowman-root	1.1.0-oss-spark3.1-hadoop2.7		N/A
com.dimajix.flowman	flowman-root	1.1.0-oss-spark3.1-hadoop2.7-oss-spark3.1-hadoop2.7-oss-spark3.1-hadoop2.7		N/A
com.dimajix.flowman	flowman-root	1.1.0-oss-spark3.1-hadoop3.2		N/A
com.dimajix.flowman	flowman-root	1.1.0-oss-spark3.2-hadoop2.7		N/A
com.dimajix.flowman	flowman-root	1.1.0-oss-spark3.2-hadoop3.3		N/A
com.dimajix.flowman	flowman-root	1.1.0-oss-spark3.3-hadoop2.7		N/A
com.dimajix.flowman	flowman-root	1.1.0-oss-spark3.3-hadoop3.3		N/A
com.dimajix.flowman	flowman-root	1.1.0-oss-spark3.4-hadoop3.3		N/A
com.dimajix.flowman	flowman-root	1.1.0-synapse3.3-spark3.3-hadoop3.3		N/A
com.dimajix.flowman	flowman-root	1.2.0		N/A
com.dimajix.flowman	flowman-root	1.2.0-cdh6-spark2.4-hadoop3.0		N/A
com.dimajix.flowman	flowman-root	1.2.0-cdp7-spark2.4-hadoop3.1		N/A
com.dimajix.flowman	flowman-root	1.2.0-cdp7-spark3.2-hadoop3.1		N/A
com.dimajix.flowman	flowman-root	1.2.0-cdp7-spark3.3-hadoop3.1		N/A
com.dimajix.flowman	flowman-root	1.2.0-emr6.12-spark3.4-hadoop3.3		N/A
com.dimajix.flowman	flowman-root	1.2.0-oss-spark2.4-hadoop2.6		N/A
com.dimajix.flowman	flowman-root	1.2.0-oss-spark2.4-hadoop2.7		N/A
com.dimajix.flowman	flowman-root	1.2.0-oss-spark3.0-hadoop2.7		N/A
com.dimajix.flowman	flowman-root	1.2.0-oss-spark3.0-hadoop3.2		N/A
com.dimajix.flowman	flowman-root	1.2.0-oss-spark3.1-hadoop2.7		N/A
com.dimajix.flowman	flowman-root	1.2.0-oss-spark3.1-hadoop3.2		N/A
com.dimajix.flowman	flowman-root	1.2.0-oss-spark3.2-hadoop2.7		N/A
com.dimajix.flowman	flowman-root	1.2.0-oss-spark3.2-hadoop3.3		N/A
com.dimajix.flowman	flowman-root	1.2.0-oss-spark3.3-hadoop2.7		N/A
com.dimajix.flowman	flowman-root	1.2.0-oss-spark3.3-hadoop3.3		N/A
com.dimajix.flowman	flowman-root	1.2.0-oss-spark3.4-hadoop3.3		N/A
com.dimajix.flowman	flowman-root	1.2.0-oss-spark3.5-hadoop3.3		N/A
com.dimajix.flowman	flowman-root	1.2.0-synapse3.3-spark3.3-hadoop3.3		N/A
com.documaster.rms	documaster-ws-client-n5	1.0.0		c38e93f040f8e3697446356fbb986bb44510e65e
com.documaster.rms	documaster-ws-client-n5	1.1.0		7813229fe3278d19602d2eccb581e447644f6d60
com.documaster.rms	documaster-ws-client-n5	1.10.0		c2b9b7298916d1597b7ba2a8c3057ae5433e4b75
com.documaster.rms	documaster-ws-client-n5	1.11.0		c133931b6f735cb6650622f6562d3b108d1b5228
com.documaster.rms	documaster-ws-client-n5	1.12.0		dea49a1464e4f03b8bbd1ed3c2a22696633b3410
com.documaster.rms	documaster-ws-client-n5	1.2.0		2c4a9177ce472b3ddf4eacba5feeb32a1647d916
com.documaster.rms	documaster-ws-client-n5	1.3.0		dd12d2e69232273e152bc3e68fe1e79546c5d266
com.documaster.rms	documaster-ws-client-n5	1.4.0		ce9a7f436f68f80d8c6d3ff8cb176c1a7f99caf3
com.documaster.rms	documaster-ws-client-n5	1.5.0		139f966df3e7ceeca91aaa6da268eb978ad3dce2
com.documaster.rms	documaster-ws-client-n5	1.5.1		3bdba9e7de476d4f902eddb2151d81617053ae1e
com.documaster.rms	documaster-ws-client-n5	1.6.0		7f738954e68fc948f5c85ff397b14053ca20058f
com.documaster.rms	documaster-ws-client-n5	1.7.0		38b6532723cd6da9adeb44d59fd5cc93229a38a2
com.documaster.rms	documaster-ws-client-n5	1.8.0		10912f286aeeb627c8436cd5ccb5cb96e50fd714
com.documaster.rms	documaster-ws-client-n5	1.9.0		7ce96a62875b6e010e1956ea7717ffdc1488e052
com.github.flussig	dacdoc-check	0.0.10		9181d02e3dd4eb7ac2d553fbd2e30303b23f5cb4
com.github.flussig	dacdoc-check	0.0.7		ccb8b55b6e00b2cb99efac0083a9bef5fa8e7c0a
com.github.flussig	dacdoc-check	0.0.8		8083ab80340b5ad683974d41664d1c7bcf224b47
com.github.flussig	dacdoc-check	0.0.9		4513635c1a2a116b359f4bee73812513edf8923a
com.github.fs2-blobstore	sftp_2.13	0.6.1		21c363f8d055f43159ae9b288a28ebf0ef68fff8
com.github.fs2-blobstore	sftp_2.13	0.6.1-b33		2f9f30c7de46382a47375296f609abba8f341982
com.github.fs2-blobstore	sftp_2.13	0.6.2		7586ba80fe5d05f1493054b63b8285addb7e16cd
com.github.fs2-blobstore	sftp_2.13	0.7.0		e9911e723c6c20b6b62ef394626ac02c249efbed
com.github.fs2-blobstore	sftp_2.13	0.7.2		b250a6a1d94a7df5f797fee5bb041d793d0f217c
com.github.fs2-blobstore	sftp_2.13	0.7.3		2ec1fac409b9da82f83527659da0cc9324640a6a
com.github.fs2-blobstore	sftp_2.13	0.8.0-beta1		e36d6ee30f46667edb4758512c48ad3de99abd51
com.github.fs2-blobstore	sftp_2.13	0.8.0-beta2		02d42a331aab1c3f9511f5c8c18c8c26b5de01b8
com.github.fs2-blobstore	sftp_2.13	0.8.0-beta3		fadc66e0946f2afe262b6602933c2c562205fd21
com.github.fs2-blobstore	sftp_2.13	0.8.0-beta4		340fce2e64483d9524e1cabd481c695fd60398e1
com.github.fs2-blobstore	sftp_2.13	0.8.0-beta5		407e6a09b0ba707859f49b566da71826e3f9b8cf
com.github.fs2-blobstore	sftp_2.13	0.8.0-beta6		34c4b65d4226a5410def845464c982bc82ae29ce
com.github.fs2-blobstore	sftp_2.13	0.8.1		93accf73bcb6c480737a7f8863694cd93f84c03f
com.github.fs2-blobstore	sftp_2.13	0.8.10		643a4050ed7963cc350c9e32651e243597648682
com.github.fs2-blobstore	sftp_2.13	0.8.11		731bb50cd6e520b204cc4acfa06f37e0232b835c
com.github.fs2-blobstore	sftp_2.13	0.8.2		309614da7a229fb6e623c2cd0f3a067df21b1596
com.github.fs2-blobstore	sftp_2.13	0.8.3		97ed660c6d0e97d6082a09f8aff320ccca0e0b0c
com.github.fs2-blobstore	sftp_2.13	0.8.4		90a34c273ce0637c971b5853652f08d80a94bb27
com.github.fs2-blobstore	sftp_2.13	0.8.5		b60801fb9c33fc73941d89dc34b1b085d3d414bc
com.github.fs2-blobstore	sftp_2.13	0.8.6		d41eae283fdc716c05beb7dd49e8b633bae92bcf
com.github.fs2-blobstore	sftp_2.13	0.8.7		817b184d732c71ca7229b18d80856bc15a899965
com.github.fs2-blobstore	sftp_2.13	0.8.8		7e779b2bc1ef824bbb8d3ca8b90ecf2b7cda941a
com.github.fs2-blobstore	sftp_2.13	0.8.9		4319864c4a3d30af7f96b474be15dba1e5107bd6
com.github.fs2-blobstore	sftp_2.13	0.9.0-beta3		9b72ebc1dd4a63ea8c168550b74c0d6d48cc8291
com.github.fs2-blobstore	sftp_2.13	0.9.1		84057e0fb7bdf767c7b59c3a65b531d584b6ea8c
com.github.fs2-blobstore	sftp_2.13	0.9.10		b13c1ede2869fc71283222b9a02af19d3a4a8669
com.github.fs2-blobstore	sftp_2.13	0.9.11		94805a6a0636fafa96905f271b2990aaf16d1c5f
com.github.fs2-blobstore	sftp_2.13	0.9.12		de44c48c2f29094495a1d0a7c164866b8e86fd0d
com.github.fs2-blobstore	sftp_2.13	0.9.13		7fe57502fc527c589272ad1be1ec3e704d105e0c
com.github.fs2-blobstore	sftp_2.13	0.9.14		a9fd3f3e07813bb0fb64c8fcf5ae7c4c584709ae
com.github.fs2-blobstore	sftp_2.13	0.9.15		0242a537f098bb846376ab6da74e1e123e95430f
com.github.fs2-blobstore	sftp_2.13	0.9.2		72516ceb65bd2ff7d34576294f0ca2c745c1b399
com.github.fs2-blobstore	sftp_2.13	0.9.3		e8caad2338c19996e311b1b143c1acba940363d9
com.github.fs2-blobstore	sftp_2.13	0.9.4		8dd637485029194335d5035e06877ce064f5ed1d
com.github.fs2-blobstore	sftp_2.13	0.9.5		921329d415c39354d5613010ca4da7a2112895ed
com.github.fs2-blobstore	sftp_2.13	0.9.6		52f14b7f815d7f3dbca86cfa1ec3a442f406351e
com.github.fs2-blobstore	sftp_2.13	0.9.7		5bb640b5f0b1d64e7e90e52cb364c70259b64bc7
com.github.fs2-blobstore	sftp_2.13	0.9.8		063f4dc4ab2a1a73d2d071d510004c8d5b8ee3ad
com.github.fs2-blobstore	sftp_2.13	0.9.9		425f9c90b07a6d706991a891902c04be95a19bd9
com.github.kittinunf.result	result-js	5.2.0		306ff69ec97d073e13f31112166b9d3363ada8a4
com.github.kittinunf.result	result-js	5.2.1		5a1793a27e07d2f6fb61d190b20f56b54580471a
com.github.kittinunf.result	result-js	5.3.0		d9390a809a7b9d01af766bfbb7c952b338aa2120
com.github.kittinunf.result	result-js	5.4.0		N/A
com.github.kittinunf.result	result-js	5.5.0		N/A
com.github.markozajc	juno	0.0.0.1		4d58a6dd720b7ef9b5ff4da8819d4e0bbb71db21
com.github.markozajc	juno	0.0.1		4852270ba60ca4a64b6a3b684f2df29501372a65
com.github.markozajc	juno	1.0		01932562cd68da8cdaa52e99d64416039e29d273
com.github.markozajc	juno	2.0		5210b36ac8682a62f1167c5d600199d9b5fae894
com.github.markozajc	juno	2.0-1		ecb9528a69b4ad705f44b207b827dae45ca64ad9
com.github.markozajc	juno	2.0.1		e51055c71dd260f8ddbff38149298d0f14d4509d
com.github.markozajc	juno	2.1		9b4ebf1d27663389ff30b827798bd26df4265137
com.github.markozajc	juno	2.2		9f19e20f1acf701ef5c1df5d6d6bd92a90b20653
com.github.markozajc	juno	2.2.1		b99052a01a62da96084daa97932264f1409172ff
com.github.markozajc	juno	2.3		d9e4ed224e16e3d25c2674cf22aa1ec134b3afa7
com.github.markozajc	juno	2.3.1		ef2cd3dd961f86f79112a73e32268035928987f9
com.github.markozajc	juno	2.3.3		2db8607a8c6612a735d886e5169d8dbc4b66f7db
com.github.vindell	spring-boot-starter-fastdfs	1.0.0.RELEASE		9f26b440b3b3dfe008b86a836c7f85fb060c75eb
com.gregorpurdy.ident	isin-circe_2.13	0.1.0		7b032e02c413ef5801b1ba6b51fe811eb0d74c34
com.ibm.jbatch	com.ibm.jbatch-model	1.0		af4b808236796bb63417d57cd31b25e05c365725
com.ibm.jbatch	com.ibm.jbatch-model	1.0-b06		fc6288ca8ee1346386c2bcc40a27e0ccdb35f723
com.ibm.jbatch	com.ibm.jbatch-model	1.0-b07		b18b5154840cdb73d9fa043a9ffc571a8a346d40
com.ibm.jbatch	com.ibm.jbatch-model	1.0-b13		4ab24adab58458d866a0d8a5094641f02638f8f6
com.ibm.jbatch	com.ibm.jbatch-model	1.0-b14		3087f59543b76429a00a461ff67345a54dbef2c8
com.ibm.jbatch	com.ibm.jbatch-model	1.0-b15		68d620f4cebff4ef29c95f7839a8e4cfdd005711
com.ibm.jbatch	com.ibm.jbatch-model	1.0-b16		2031592f09ee2ecfd3427e9f03e6854ddb5f2ded
com.ibm.jbatch	com.ibm.jbatch-model	1.0-b17		b865d75d426646772d60cfec31134cb36c0dd0ee
com.ibm.jbatch	com.ibm.jbatch-model	1.0-b18		12955aad4380c4d39210f6ee797b7c491cfa5b80
com.ibm.jbatch	com.ibm.jbatch-model	1.0-b19		0fa98bfe25d65486027415233b997315ff82cdf5
com.ibm.jbatch	com.ibm.jbatch-model	1.0-b20		045cd542e558bb871c6ff8de515372c37edb0e00
com.ibm.jbatch	com.ibm.jbatch-model	1.0-b21		b062d43cd3ae46fead7589cea93f26ce93f1b1c0
com.ibm.jbatch	com.ibm.jbatch-model	1.0-b22		44e68ef3d32dbdfdfe3489102cb7627a5bf2de6a
com.ibm.jbatch	com.ibm.jbatch-model	1.0-b23		04b29c93d7c45c69fa7a427f8602142882b891c5
com.ibm.jbatch	com.ibm.jbatch-model	1.0-b24		af2121321ee47fd87735d3ab744d4604780667d6
com.ibm.jbatch	com.ibm.jbatch-model	1.0-b25		5064e0e583bd2712c6d6c90c90bea0281789cec8
com.ibm.jbatch	com.ibm.jbatch-model	1.0-b26		a39f826b5940f67601bee7dc848fd851c90524c5
com.ibm.jbatch	com.ibm.jbatch-model	1.0-b27		4071e33f22b124ae6db9f662c319a77586d7c398
com.ibm.jbatch	com.ibm.jbatch-model	1.0-b28		2749713860526d55b95d72dea3790cc6c46e5c57
com.ibm.jbatch	com.ibm.jbatch-model	1.0-b29		76177b73b1bf90530835eda68b851bad998ed411
com.karadzhov	scala-iso-country-i18n-fr_native0.4_3	0.3.0		4eeaf3e3548fc40db9a338f6a172d50bf61c9970
com.karadzhov	scala-iso-country-i18n-fr_native0.4_3	0.3.1		c848bab786cb7ca5625539c6d2cb0afcc6b75bc3
com.karadzhov	scala-iso-country-i18n-fr_native0.4_3	0.4.0		e689a089a5141519ab30ae91e707ab72213dab32
com.karadzhov	scala-iso-country-i18n-fr_native0.4_3	0.5.0		035813eada636580a4418f2251bdbf585b92d53b
com.likethesalad.android	stem-plugin	2.0.0		a45f164c82849db1004e65db0d7137dfaa32f612
com.likethesalad.android	stem-plugin	2.1.0		91c8f62fbb197cdc52b0abfa0e536330af9839f9
com.likethesalad.android	stem-plugin	2.1.1		c8678b4766bab2f91078ce100dde40302da9664b
com.likethesalad.android	stem-plugin	2.10.0		60258639012693caeb04b3dd30d67f38e9b77f1d
com.likethesalad.android	stem-plugin	2.10.1		fd56fc192acf766b3ed3408b8ee6edc4237093dc
com.likethesalad.android	stem-plugin	2.11.0		df829fd21303513915ba2c4a4454c44dd590380d
com.likethesalad.android	stem-plugin	2.12.0		d31efe4f4744297d6ee02ed406b3af099b08016e
com.likethesalad.android	stem-plugin	2.2.0		9c673d9b7870abe57cc498ecb15324570d899ed5
com.likethesalad.android	stem-plugin	2.2.1		dbbd00f0e2568b8c664448a047eb4abbbc76e00d
com.likethesalad.android	stem-plugin	2.2.2		3a5c3763f40d740c59ce829177e211fa3d417b6b
com.likethesalad.android	stem-plugin	2.2.3		5c0d443610208182f54663853bf8f5bc4c853bdd
com.likethesalad.android	stem-plugin	2.3.0		6af2c3397d7514560ff0c97e3d7c529d331f7389
com.likethesalad.android	stem-plugin	2.4.0		7539e4d51d45793b4c05808d94da2fca832189da
com.likethesalad.android	stem-plugin	2.4.1		f4fcbb3739ba2deba556aa48936bb5f714f5a4fd
com.likethesalad.android	stem-plugin	2.5.0		ea442d269ce663f9363048ec7f68a1a01a9961f8
com.likethesalad.android	stem-plugin	2.6.0		29644850595a11bbaaf210e7c38d06e3729686d1
com.likethesalad.android	stem-plugin	2.7.0		b5a3054a66a5dffe1c66c46b26a4bad2ab094055
com.likethesalad.android	stem-plugin	2.8.0		9ebfec9a85773332c05da950b8c942cc9013729c
com.likethesalad.android	stem-plugin	2.9.0		e4533856fda2e98c57a74feabb0ded7e6f182b16
com.mercateo.spring	spring-security-jwt	0.1.1		c0d862daf696f81f363532610d0ce57285b375a8
com.mercateo.spring	spring-security-jwt	0.1.2		4e32da1c6c8f75573193d90e5f554e0df3cd07d6
com.mercateo.spring	spring-security-jwt	0.1.3		7e275ac665e64e827c34de9400f84233ea5629b0
com.mercateo.spring	spring-security-jwt	0.1.4		c6b28ccf46bd47df0106b58031e981a4da8bc9a8
com.mercateo.spring	spring-security-jwt	0.1.5		db81807f1e329ffedd045d3d2c4bf3a02697f65a
com.mercateo.spring	spring-security-jwt	0.1.6		100bc4ad939ebad1c84b3a16debc050bc6e97b6a
com.mercateo.spring	spring-security-jwt	0.1.8		30a66aceec31d6eda3ee54c53e29ad7ea27086ae
com.mercateo.spring	spring-security-jwt	0.1.9		8d68ce4225e03aef6d11d5c150940f9e7c21a3d2
com.mercateo.spring	spring-security-jwt	0.2.0		6dbd2db15775562dca195bfb2570ac93b8c9a641
com.mercateo.spring	spring-security-jwt	0.2.1		b53caad8a2c5493548c75404e5f7b97cbf8e8091
com.mercateo.spring	spring-security-jwt	0.2.10		e919b335996f6a3ff705427357e4adbb5eb6eee4
com.mercateo.spring	spring-security-jwt	0.2.3		bc47f9a512a9e15c1c3e66f21d4b40bf1bd34372
com.mercateo.spring	spring-security-jwt	0.2.4		7e0a5db07e3a18d5492619581865429f7f422fe0
com.mercateo.spring	spring-security-jwt	0.2.5		4d34185433b54e925ecb2564c893e23bff8bba80
com.mercateo.spring	spring-security-jwt	0.2.6		298982a6bfb5ff9a64b588b13ca6ecb017fe9935
com.mercateo.spring	spring-security-jwt	0.2.7		99f4c5923f0868fe0c32d0ce9ce27353389418dc
com.mercateo.spring	spring-security-jwt	0.2.8		6f904cb55fc04b98424f8c082b486aded2cd0e14
com.mercateo.spring	spring-security-jwt	0.2.9		5903ad8966a6e14d0ef77312a6abb1b725ccd4d0
com.mercateo.spring	spring-security-jwt	0.3.0		262120aef05df6fa2a313d1fa81d81717d5587db
com.mercateo.spring	spring-security-jwt	0.3.1		dcafc01c495612e1992c7c93e0d9a2bf008df8e5
com.mercateo.spring	spring-security-jwt	0.3.2		f835af856632a7b17906a0eef12a7c5e5ede4fc0
com.mercateo.spring	spring-security-jwt	0.3.3		e6ea2a7a29eba8a7dbb3d7725dad010246ca058e
com.mercateo.spring	spring-security-jwt	0.3.4		2d0818100ddf34b50a58b8e15c4c22b9267cff67
com.mercateo.spring	spring-security-jwt	0.3.5		6e714e8cbab672fa797471e23425bdf446e8997d
com.mercateo.spring	spring-security-jwt	0.3.6		1b3e641c5cf1f039762fba180e0fa1d9cdd28e2b
com.mercateo.spring	spring-security-jwt	0.3.7		0ae210fcb45493de61d237d34d5f7352e32896aa
com.mercateo.spring	spring-security-jwt	0.4.0		449e78ed466ea303cde757df2b3fde5819f6021c
com.mercateo.spring	spring-security-jwt	0.4.1		71c29a6446562d1c523f5e336bc8707f2387711d
com.mercateo.spring	spring-security-jwt	0.4.2		f064fd6afacb8d97923449d61548f9b5c2abfd75
com.mercateo.spring	spring-security-jwt	0.5.0		025c9cac3ca4ba9eb3d6e406835f3366a6416ae5
com.mercateo.spring	spring-security-jwt	0.5.2		d9c17e24eafbea4e59955612cc0df0c5ef0468aa
com.mercateo.spring	spring-security-jwt	0.5.3		763ba860fcd63ccc38ba453ac49b86f42e711b58
com.mercateo.spring	spring-security-jwt	0.5.4		62c03978701b89c5208dbd41026477732b04a6f4
com.mercateo.spring	spring-security-jwt	1.0.0		0ce52bd5f651b8615323c8601f0326e0662521a6
com.mercateo.spring	spring-security-jwt	1.0.1		7d1203380c2f41c914db06b5eb9b9d150e9048de
com.mercateo.spring	spring-security-jwt	2.0.1		acf7708f2b99b59442e2b18816a30ae0743f45aa
com.mercateo.spring	spring-security-jwt	2.1.0		6f7978aee60c4f909dbdab0a835be63a46acb004
com.mercateo.spring	spring-security-jwt	2.1.1		4586750ff12f45838e796428878e8dffcbdad3ec
com.michaelalynmiller	vimserver	1.0.0		c0106db7c2eabd4a2c2b1839c2daeb7c910bb837
com.nbsaas.boot	hibernate-dao	1.0.1		3e8961f098dd7ef02d249a1cdbbaf8e68e85e723
com.nbsaas.boot	hibernate-dao	1.0.2-2023-02-26		5e3cacf6d048e40e2d0df22f15f97dc4f9644d54
com.nbsaas.boot	hibernate-dao	1.0.3-2023-03-03		9e5b4fea71783ba1e8afa826b6bb83ec0169dd6a
com.nbsaas.boot	hibernate-dao	1.0.4-2023-03-25		f943c9c8b0c659da0affa912a9257b58357c499b
com.nbsaas.boot	hibernate-dao	1.0.5-2023-04-08		f95c5a48b03278058a0c7bdcecdf47e97188da66
com.nbsaas.boot	hibernate-dao	1.0.6-2023-04-09		91bc586b575e7259d4ed1f531aca3b64c3e4640f
com.nrinaudo	kantan.codecs-enumeratum-laws_2.11	0.4.0		4332686d4c15f1f799d1f9c37b279b133ef7cde4
com.nrinaudo	kantan.codecs-enumeratum-laws_2.11	0.5.0		b1ad9f147c795867b733bffe3c6ef4a64a6b4705
com.okta.devices	devices-core	0.0.1		N/A
com.okta.devices	devices-core	0.0.15		N/A
com.okta.devices	devices-core	0.0.2		N/A
com.okta.devices	devices-core	0.0.8		N/A
com.okta.devices	devices-core	0.0.9		N/A
com.okta.devices	devices-core	1.0.41		N/A
com.oracle.coherence.ce	main	22.06		N/A
com.oracle.coherence.ce	main	22.06.1		N/A
com.oracle.coherence.ce	main	22.06.10		N/A
com.oracle.coherence.ce	main	22.06.11		N/A
com.oracle.coherence.ce	main	22.06.12		N/A
com.oracle.coherence.ce	main	22.06.2		N/A
com.oracle.coherence.ce	main	22.06.3		N/A
com.oracle.coherence.ce	main	22.06.4		N/A
com.oracle.coherence.ce	main	22.06.5		N/A
com.oracle.coherence.ce	main	22.06.6		N/A
com.oracle.coherence.ce	main	22.06.7		N/A
com.oracle.coherence.ce	main	22.06.8		N/A
com.oracle.coherence.ce	main	22.06.9		N/A
com.propensive	rapture-data_2.12	2.0.0-M8		d2478fd618a8bfaa5021f0870d2e40e060352d09
com.propensive	rapture-data_2.12	2.0.0-M9		d3f2b1bb48e8525d59db381c56e29fc2b692fee7
com.sap.cloud.yaas.service-sdk	service-sdk-servlet-support	4.13.6		8857f158edb063a6da70136cf0f5a681704b1355
com.sap.cloud.yaas.service-sdk	service-sdk-servlet-support	4.13.7		8c5f232cd996972b89b11ddb2b1d984b012b8c73
com.sap.cloud.yaas.service-sdk	service-sdk-servlet-support	4.14.0		b19ada0b4b3f31f16580b1cf172b944d4beffc48
com.sap.cloud.yaas.service-sdk	service-sdk-servlet-support	4.15.0		c102f8fe4336c00f9d6f00421d796c31e53ceb37
com.sap.cloud.yaas.service-sdk	service-sdk-servlet-support	4.16.0		fe9799936a2f80955bc558b47f3bda125558b943
com.sap.cloud.yaas.service-sdk	service-sdk-servlet-support	4.17.0		5829ac8fc100d443c9de1563804b30aa0e4ad277
com.sap.cloud.yaas.service-sdk	service-sdk-servlet-support	4.17.1		2edec65ee1f2a3c579c79e485ea382a4293b6af7
com.scoperetail.fusion	fusion-adapter-dedupe	0.1		d41ad6d1633e7371fb37ff29042a5d85e6b9f304
com.scoperetail.fusion	fusion-adapter-dedupe	0.2		9c39ba1cbee9db4a740488a556b618add5db0042
com.scoperetail.fusion	fusion-adapter-dedupe	0.3		ae83435ef439c42eee5a25250b690e18aac146d7
com.scoperetail.fusion	fusion-adapter-dedupe	0.4		2af7f582635b40b8c4cb625041535c642ee5fd7e
com.scoperetail.fusion	fusion-adapter-dedupe	0.5		d3bd9c050312cc33de4c2a20b15a4ac2e41370c8
com.scoperetail.fusion	fusion-adapter-dedupe	0.6		fbe7e853ca3f8bfe67d67feed443a66141282a88
com.scoperetail.fusion	fusion-adapter-dedupe	0.7		f365dcc1e3af1b0f3034c7033314a4e3ef408554
com.scoperetail.fusion	fusion-adapter-dedupe	0.8		e51852197577c445293b0f23af7849acc46335e9
com.scoperetail.fusion	fusion-adapter-dedupe	1.0		3920c113772807cc7b4612e130131d46a2cf85ad
com.slack.api	bolt	0.99.0		c6e5681c09957ba63541ea1385cdb285a0f575f0
com.slack.api	bolt	0.99.1		6d9b6b9a5606b7e089473ba31990ff03a184f19e
com.slack.api	bolt	0.99.2		e51a58e89e121364efd36ab2d673164704251f82
com.slack.api	bolt	0.99.3		b031203948973aae88c04c119a8b0f119f83a3c0
com.slack.api	bolt	0.99.4		6306f5df69be4ce196bb69d388208bb3d6b909f4
com.slack.api	bolt	0.99.5		60513d4f66c42ce7fcd036ba983aecf2243816cd
com.slack.api	bolt	1.0.0		488c52834c93a098ed6d116af5b1d8723312b314
com.slack.api	bolt	1.0.0-M1		4b74ab40c4a4dd626078ab932d67dce468d12ce6
com.slack.api	bolt	1.0.0-M2		e16c1f2b787c91358fe8b2f2e2629767d77d939e
com.slack.api	bolt	1.0.0-RC1		d767dd16231cdc8868023efaf918e7b4b67eec71
com.slack.api	bolt	1.0.0-RC2		ab70ad335e2e4d4ce1dd0653e263a70640ab7fce
com.slack.api	bolt	1.0.0-RC3		fc062f7c4293bafb26ec6aadd689420a030bf6a1
com.slack.api	bolt	1.0.0-RC4		f1e48fe16688d8a3570b5cd1c3addd39327b1050
com.slack.api	bolt	1.0.1		580fae7b12911b345133c327779bd95e75dc1099
com.slack.api	bolt	1.0.10		800ccd346fe7c9636b8cfbbfb58d37c1554dab34
com.slack.api	bolt	1.0.11		895b57b140ebc5fcdc9e1c2af35d3d0ded15ba8d
com.slack.api	bolt	1.0.2		d79a0d8fae00cc37c942ff5150a7b3b273381e2b
com.slack.api	bolt	1.0.3		643897a608ad70eed443c89e6fd407244223d6e5
com.slack.api	bolt	1.0.4		47dab3851d6e159060c7a19b77ddc43c4f45ea3f
com.slack.api	bolt	1.0.5		f0012f598cc506a12cd11fa127192a102cc7d787
com.slack.api	bolt	1.0.6		7b67b42ad490e677af0571f9a8d171961b6d9ba6
com.slack.api	bolt	1.0.7		ab0d352472d4bd2684218dc39037f46622b58204
com.slack.api	bolt	1.0.8		adade1ba2b29544a5548918e2626b70f6678d358
com.slack.api	bolt	1.0.9		380b1b7fbb5e5e6e27d57185d1416f402ff05e9f
com.slack.api	bolt	1.1.0		3d9b4737cde46b071bea4d4e3618f46d127e3920
com.slack.api	bolt	1.1.1		d0ac610ade2aeb7e7de7413ace7a2844e8f999dd
com.slack.api	bolt	1.1.2		200bfa0ac10b6db074df59f19b132a845c31cdb0
com.slack.api	bolt	1.1.3		4079801b78cde3f962383164fc1cfa137b3b4e86
com.slack.api	bolt	1.1.4		a8976bca7b6ca7a69a1134d69c36b2f85d3800c9
com.slack.api	bolt	1.1.5		851466dc0680cc88d52ba6df6774fd836fed6265
com.slack.api	bolt	1.1.6		1c470ce722d45d84a1e576c773bcf6c3a31db6aa
com.slack.api	bolt	1.10.0		2b93bfebed5d53d7e4b2890ce35cd4490d2b8e37
com.slack.api	bolt	1.10.0-RC1		43232e071337d5e97b0934f17459de20e6372521
com.slack.api	bolt	1.10.0-RC2		e4f38c22336cd5d7f6e0d17786ad295dfcbf3f0b
com.slack.api	bolt	1.11.0		10fedf6f03c3ed24e45fae4ee0550c388a8623d0
com.slack.api	bolt	1.11.0-RC1		339486b0e43146a09f262c14357e639063fdd249
com.slack.api	bolt	1.12.0		6d480452930de353ba86e4d7c7f45025ae61562c
com.slack.api	bolt	1.12.1		efc7f8757a0998ea83ee4db6a2371be486f15b87
com.slack.api	bolt	1.13.0		ef69b9daa00a570ac251bd2c621c9d2349a6b9bb
com.slack.api	bolt	1.14.0		aebe5140f63965a4dbc9fd908c8330e8dbda3427
com.slack.api	bolt	1.15.0		0d56f9f0ba05580382e90c8c7879d53061ca075e
com.slack.api	bolt	1.16.0		3778c1f0f0db5354219f4a481a0ca70694bd79a9
com.slack.api	bolt	1.16.1		100f1e8c2465676fa4a6485748fa7023e473b074
com.slack.api	bolt	1.17.0		7581e99bfb8b1e28df190b9a7e8bf7953824b87c
com.slack.api	bolt	1.17.1		4e277495c56d88db193723a053222b70b9f5c530
com.slack.api	bolt	1.18.0		a9084a4768a3472ebe2f5196ebe5b5c9a200e9c3
com.slack.api	bolt	1.19.0		38a34e965e28fea722f0155d0f6433463f90ad47
com.slack.api	bolt	1.2.0		4cb3d61f54ef9763577c21d8410f8a9b27eb65d3
com.slack.api	bolt	1.2.0-RC1		298997ca951b5c474792e136cb3369aa7dff245a
com.slack.api	bolt	1.2.0-RC2		981ae6c4c6c8e85466de21dd42b12e9c3dcd0d5a
com.slack.api	bolt	1.2.1		d9d2b9370139b8376ca9f1cad44bba1ff734e837
com.slack.api	bolt	1.20.0		8e962f3d245eb9558703e0ebfd8f298ab774dcc4
com.slack.api	bolt	1.20.1		7bdd6dbc3fb87bcb9b1bddff3d0381d0a1108260
com.slack.api	bolt	1.20.2		2f241ec681e61df3992beee53024aa7f440c3f64
com.slack.api	bolt	1.21.0		f211340752d097af22a3df081f1a8d11522146fd
com.slack.api	bolt	1.21.1		9b064ef848e3afe0b915d82365275f044fb25dc1
com.slack.api	bolt	1.21.2		02d0b9ef937959eae1ad8f7dc2619e33202619de
com.slack.api	bolt	1.22.0		5dffbc21ddd5e916e12d7ad67e049918503e2d6c
com.slack.api	bolt	1.22.1		7544167515950b15c8a6cfc59708bf19e3b77614
com.slack.api	bolt	1.22.2		ac7ac8683ca51d52787b598df43577641b682eda
com.slack.api	bolt	1.22.3		0bb4451cb510d3dbf6413e560b2d7c806b8ade57
com.slack.api	bolt	1.23.0		05dee1f8c3016559237d77d954ef3b570fd4e932
com.slack.api	bolt	1.23.1		22f8a6ef9a74799a99a125b42895e81cab7f039c
com.slack.api	bolt	1.24.0		bc8311a2a05a0d30ded0a6ce9b1730ddd4221924
com.slack.api	bolt	1.25.0		ef6c22ff7e70e06c1a828bf0d7c74e8af05891e0
com.slack.api	bolt	1.25.1		5fb9f3c509067d32d180f2c9689b2116ad3053c0
com.slack.api	bolt	1.26.0		5ee18f06dcfdc1a24fd30e22a362ab45a46664be
com.slack.api	bolt	1.26.1		3b545b4e141cdee4d3f1281b22b959bf60e379e3
com.slack.api	bolt	1.27.0		66e2d26580ac6a48b2f1f76d6e72d46f9edbe087
com.slack.api	bolt	1.27.1		26aeca03ca52fb953e08f33a694b47f920717270
com.slack.api	bolt	1.27.2		a7e395bf42fd12f9d70e13c3c1835fb0934ec673
com.slack.api	bolt	1.27.3		e96191544b3e9eff1626f4a0aa7446ebe55d0088
com.slack.api	bolt	1.28.0		ea02444381630f96d02d489be52ba595e0bac7c6
com.slack.api	bolt	1.28.1		bc68bb72d52afeb1ab196d0046928edd86526d48
com.slack.api	bolt	1.29.0		4bd59a1ace9b8f47b3bed29e6a5243b7b58a47fd
com.slack.api	bolt	1.29.1		6d61ad8fcedc7945a049621335b0d4ba9de8af8a
com.slack.api	bolt	1.29.2		262e56ed5c3f23c8c8996545e3c2964a53e95e77
com.slack.api	bolt	1.3.0		5333c0b65b6515e7b5fbf3bb372a86d2ceb125d7
com.slack.api	bolt	1.3.0-RC1		e0e4ca17206bf81bd98e771ac7ca7cdc411b6771
com.slack.api	bolt	1.3.0-RC2		1e2b7edae6c742441553ba2877f2f9a172d15eee
com.slack.api	bolt	1.3.0-RC3		3a217cedcc9d217bb8671dde9a4139b060e653cc
com.slack.api	bolt	1.3.1		30ecc1a897c08d77db4168006eb82c7a1ec86833
com.slack.api	bolt	1.3.2		4c0b0e9bfaca899088fbe9e97ca6ce7a76f2feff
com.slack.api	bolt	1.3.3		c6fdd8284aae619342ca06c2fa18249960621a0e
com.slack.api	bolt	1.30.0		57cf5403917e3e44804b26f35b283fa7bc2dcbac
com.slack.api	bolt	1.31.0		91d54af42297214aa4f5bcf18e3feb561f739828
com.slack.api	bolt	1.32.0		eabaf32638b01e3377198e24c5db7df2a873e006
com.slack.api	bolt	1.32.1		024ae7680124eb159b9679df0aa206aba0307f3b
com.slack.api	bolt	1.32.2		98f5c76e6fd20e6a3e2b510e13935c3373fadfad
com.slack.api	bolt	1.33.0		9dbe0c006bf76c632678ff735ff59a9c1823f030
com.slack.api	bolt	1.34.0		7e92ab135841d48ec37e93c87f4a21dcb0e536ac
com.slack.api	bolt	1.34.1		7efd342253c7e6a14cd6fd0b07f9a9bc709b9466
com.slack.api	bolt	1.35.0		3ca4251d228e4ccab4ee4b42b4c180c995e204f5
com.slack.api	bolt	1.35.1		bd990e2f9b5c2fca3d2502ae3a9f30dfe9341418
com.slack.api	bolt	1.36.0		d168e85b9bfdae5a83b6fb7b221ac20ebb1ea498
com.slack.api	bolt	1.36.1		ec596d802f25dbc70c09065f9632202518677f8f
com.slack.api	bolt	1.37.0		bd105156113fab0da6fdc187ea89bf1bd8dc445a
com.slack.api	bolt	1.38.0		84742a3bc43b5829591ebb2af17bfdc6d1007013
com.slack.api	bolt	1.38.1		f2f710d69f871aa704935e4fa17072da52850b33
com.slack.api	bolt	1.38.2		f96a90661aea1d637d4adc8af71e005bcd837687
com.slack.api	bolt	1.38.3		091a567ed23eead7e4364d17c3412d1c4cf465a2
com.slack.api	bolt	1.39.0		f4539c57ad98f8c1914d4e0dbed76426437b2bbe
com.slack.api	bolt	1.39.1		8bc60bccd4e0b067015a78528af5315e3172f2db
com.slack.api	bolt	1.39.2		6f9d8b56c77dc871f955901429d691c9884f7b96
com.slack.api	bolt	1.39.3		4f96cfa52d83ac4067b6b3e1e321959d9d2f07f1
com.slack.api	bolt	1.4.0		ebf60a483fac590f398860254d038808a7585dc8
com.slack.api	bolt	1.4.0-RC1		ca353759108a3149bd5867d10f39890f7a7b61fd
com.slack.api	bolt	1.4.1		ff9a7bbf312631925527205227f192e0ca7085d8
com.slack.api	bolt	1.4.2		664075dfb135144f19dd484ecb8711961f5eeb80
com.slack.api	bolt	1.40.0		e372f8203cf8c4cd19deeac17c90217136d2c180
com.slack.api	bolt	1.40.1		2908ef4a73ee07387ad97e66bbaa01ed1545cebc
com.slack.api	bolt	1.40.2		889fb1a35505ff0adf51fcb6d775af09849902f4
com.slack.api	bolt	1.40.3		c0e4fc8e5c39c6e76cbcc8ee79d1f5bbc35c53b1
com.slack.api	bolt	1.41.0		7a46a780d0635d46ea04e900f205cc7495b8eeb8
com.slack.api	bolt	1.42.0		cdd06081168a853cda2cf1edd0e59f3b019170d9
com.slack.api	bolt	1.42.1		69a0f5ecc323626a59f4fc13ae58a70949b84316
com.slack.api	bolt	1.43.0		4cb290a3c83f3be30c6f8f9ab45f2026340894de
com.slack.api	bolt	1.43.1		cc254f0b6875925ac665e5de2d5061d266a5d2eb
com.slack.api	bolt	1.44.0		2ab221c1c30e57534b568c0f2b4a0999205a48c2
com.slack.api	bolt	1.44.1		6011e67c91a902391a1a6a48217d93609d660624
com.slack.api	bolt	1.44.2		ab18cbbd065dd6df425417dc01e04249597842d0
com.slack.api	bolt	1.45.0		8fb0991d50de493db633d1ca9de5a3546c4677ba
com.slack.api	bolt	1.45.1		ba435aee8abdb20b2dbbe9385251b5c8870bd63e
com.slack.api	bolt	1.45.2		d9a01b4c2c0b6201e4c7e00f1abeb5023477042a
com.slack.api	bolt	1.45.3		dd3598950121fcaec2e9f914a86370ab72653785
com.slack.api	bolt	1.5.0		b2172e96cd28cc3ec1f690c5a8ad168ff4d51b83
com.slack.api	bolt	1.5.0-M1		09d067a10a1b909793af96aeb7f0de6b5a78006b
com.slack.api	bolt	1.5.0-M2		af2fcdc8b87f9fbf1138bf91d4296edd29804e3e
com.slack.api	bolt	1.5.0-RC1		9aa6fe8197ba206c92d978893e7590b8bcdd7aed
com.slack.api	bolt	1.5.1		78c1ebf1f656e7aa7e686d5c7cab1998ba64f847
com.slack.api	bolt	1.5.2		c7840a7ae9ad57328c6636ec761a440e73d32eb0
com.slack.api	bolt	1.5.3		edcd5f49c22180897ade6ea04089a2daf90bafb2
com.slack.api	bolt	1.6.0		092ce37637cdd6ca6d1eabc503ad5d861732f253
com.slack.api	bolt	1.6.1		a81989babe8d23f0e801da4f8d68c094e592b1de
com.slack.api	bolt	1.6.1-RC1		48cf4e437ea7027c8bb52dda7f4bbee032576e18
com.slack.api	bolt	1.6.2		056ebc590effa19b3b9b4ee9c5bf5c0a43ac748c
com.slack.api	bolt	1.7.0		eae217aaf9b5fa999dbba0576b4362c8afaa7716
com.slack.api	bolt	1.7.1		2bf930701dc3c84557fb1fd6ef4819a4c9bb1eaa
com.slack.api	bolt	1.8.0		5c00ee7cdedb8c836189e8d7644a10f4880897ce
com.slack.api	bolt	1.8.1		4fd84cd89c234439d225181ae44898391d1f3aed
com.slack.api	bolt	1.9.0		8696470cb711ac8581e69a1fda4b9ab06d58a280
com.tink	link-ui	0.14.10		N/A
com.tink	link-ui	0.14.11		N/A
com.tink	link-ui	0.14.6		N/A
com.tink	link-ui	0.14.7		N/A
com.tink	link-ui	0.14.8		N/A
com.tink	link-ui	0.14.9		N/A
com.tink	link-ui	0.15.0		N/A
com.tink	link-ui	0.15.1		N/A
com.tink	link-ui	0.15.2		N/A
com.tink	link-ui	0.15.3		N/A
com.tink	link-ui	0.15.4		N/A
com.tink	link-ui	0.16.0		N/A
com.whisk	docker-testkit-core_3	0.11.0		126c6add5c0306b76e0b87e45cb46263a346713f
com.whisk	docker-testkit-core_3	0.11.0-beta1		6e9ea516dfc7c0ea69b68a5aac81278233c3271b
com.whisk	docker-testkit-core_3	0.11.0-beta2		4eee411e701a54699dee2ceb1452c2c4caadbef6
com.whisk	docker-testkit-core_3	0.12.0		0debcc97cfcb49732c71b846a07079204e072132
com.woowla.compose.icon.collections	boxicons-wasm-js	2.1.4		N/A
com.xfvape.cors	cors-spring-boot-autoconfigure	0.0.4-RELEASE		d8535368df717d3336aa34e53caad8205f076aea
com.xwc1125.chain5j	chain5j-eth	4.3.6		N/A
com.xwc1125.chain5j	chain5j-eth	4.3.7		N/A
com.xwc1125.chain5j	chain5j-eth	4.3.8		N/A
com.xwc1125.chain5j	chain5j-eth	4.3.9		N/A
com.zegreatrob.testmints.logs.mint-logs	com.zegreatrob.testmints.logs.mint-logs.gradle.plugin	10.0.0		N/A
com.zegreatrob.testmints.logs.mint-logs	com.zegreatrob.testmints.logs.mint-logs.gradle.plugin	10.0.1		N/A
com.zegreatrob.testmints.logs.mint-logs	com.zegreatrob.testmints.logs.mint-logs.gradle.plugin	10.0.10		N/A
com.zegreatrob.testmints.logs.mint-logs	com.zegreatrob.testmints.logs.mint-logs.gradle.plugin	10.0.11		N/A
com.zegreatrob.testmints.logs.mint-logs	com.zegreatrob.testmints.logs.mint-logs.gradle.plugin	10.0.12		N/A
com.zegreatrob.testmints.logs.mint-logs	com.zegreatrob.testmints.logs.mint-logs.gradle.plugin	10.0.13		N/A
com.zegreatrob.testmints.logs.mint-logs	com.zegreatrob.testmints.logs.mint-logs.gradle.plugin	10.0.14		N/A
com.zegreatrob.testmints.logs.mint-logs	com.zegreatrob.testmints.logs.mint-logs.gradle.plugin	10.0.15		N/A
com.zegreatrob.testmints.logs.mint-logs	com.zegreatrob.testmints.logs.mint-logs.gradle.plugin	10.0.16		N/A
com.zegreatrob.testmints.logs.mint-logs	com.zegreatrob.testmints.logs.mint-logs.gradle.plugin	10.0.17		N/A
com.zegreatrob.testmints.logs.mint-logs	com.zegreatrob.testmints.logs.mint-logs.gradle.plugin	10.0.18		N/A
com.zegreatrob.testmints.logs.mint-logs	com.zegreatrob.testmints.logs.mint-logs.gradle.plugin	10.0.19		N/A
com.zegreatrob.testmints.logs.mint-logs	com.zegreatrob.testmints.logs.mint-logs.gradle.plugin	10.0.2		N/A
com.zegreatrob.testmints.logs.mint-logs	com.zegreatrob.testmints.logs.mint-logs.gradle.plugin	10.0.20		N/A
com.zegreatrob.testmints.logs.mint-logs	com.zegreatrob.testmints.logs.mint-logs.gradle.plugin	10.0.3		N/A
com.zegreatrob.testmints.logs.mint-logs	com.zegreatrob.testmints.logs.mint-logs.gradle.plugin	10.0.4		N/A
com.zegreatrob.testmints.logs.mint-logs	com.zegreatrob.testmints.logs.mint-logs.gradle.plugin	10.0.5		N/A
com.zegreatrob.testmints.logs.mint-logs	com.zegreatrob.testmints.logs.mint-logs.gradle.plugin	10.0.6		N/A
com.zegreatrob.testmints.logs.mint-logs	com.zegreatrob.testmints.logs.mint-logs.gradle.plugin	10.0.7		N/A
com.zegreatrob.testmints.logs.mint-logs	com.zegreatrob.testmints.logs.mint-logs.gradle.plugin	10.0.8		N/A
com.zegreatrob.testmints.logs.mint-logs	com.zegreatrob.testmints.logs.mint-logs.gradle.plugin	10.0.9		N/A
com.zegreatrob.testmints.logs.mint-logs	com.zegreatrob.testmints.logs.mint-logs.gradle.plugin	10.1.0		N/A
com.zegreatrob.testmints.logs.mint-logs	com.zegreatrob.testmints.logs.mint-logs.gradle.plugin	10.1.1		N/A
com.zegreatrob.testmints.logs.mint-logs	com.zegreatrob.testmints.logs.mint-logs.gradle.plugin	10.1.10		N/A
com.zegreatrob.testmints.logs.mint-logs	com.zegreatrob.testmints.logs.mint-logs.gradle.plugin	10.1.11		N/A
com.zegreatrob.testmints.logs.mint-logs	com.zegreatrob.testmints.logs.mint-logs.gradle.plugin	10.1.12		N/A
com.zegreatrob.testmints.logs.mint-logs	com.zegreatrob.testmints.logs.mint-logs.gradle.plugin	10.1.13		N/A
com.zegreatrob.testmints.logs.mint-logs	com.zegreatrob.testmints.logs.mint-logs.gradle.plugin	10.1.14		N/A
com.zegreatrob.testmints.logs.mint-logs	com.zegreatrob.testmints.logs.mint-logs.gradle.plugin	10.1.15		N/A
com.zegreatrob.testmints.logs.mint-logs	com.zegreatrob.testmints.logs.mint-logs.gradle.plugin	10.1.16		N/A
com.zegreatrob.testmints.logs.mint-logs	com.zegreatrob.testmints.logs.mint-logs.gradle.plugin	10.1.17		N/A
com.zegreatrob.testmints.logs.mint-logs	com.zegreatrob.testmints.logs.mint-logs.gradle.plugin	10.1.2		N/A
com.zegreatrob.testmints.logs.mint-logs	com.zegreatrob.testmints.logs.mint-logs.gradle.plugin	10.1.3		N/A
com.zegreatrob.testmints.logs.mint-logs	com.zegreatrob.testmints.logs.mint-logs.gradle.plugin	10.1.4		N/A
com.zegreatrob.testmints.logs.mint-logs	com.zegreatrob.testmints.logs.mint-logs.gradle.plugin	10.1.5		N/A
com.zegreatrob.testmints.logs.mint-logs	com.zegreatrob.testmints.logs.mint-logs.gradle.plugin	10.1.6		N/A
com.zegreatrob.testmints.logs.mint-logs	com.zegreatrob.testmints.logs.mint-logs.gradle.plugin	10.1.7		N/A
com.zegreatrob.testmints.logs.mint-logs	com.zegreatrob.testmints.logs.mint-logs.gradle.plugin	10.1.8		N/A
com.zegreatrob.testmints.logs.mint-logs	com.zegreatrob.testmints.logs.mint-logs.gradle.plugin	10.1.9		N/A
com.zegreatrob.testmints.logs.mint-logs	com.zegreatrob.testmints.logs.mint-logs.gradle.plugin	10.2.0		N/A
com.zegreatrob.testmints.logs.mint-logs	com.zegreatrob.testmints.logs.mint-logs.gradle.plugin	10.2.1		N/A
com.zegreatrob.testmints.logs.mint-logs	com.zegreatrob.testmints.logs.mint-logs.gradle.plugin	10.2.10		N/A
com.zegreatrob.testmints.logs.mint-logs	com.zegreatrob.testmints.logs.mint-logs.gradle.plugin	10.2.11		N/A
com.zegreatrob.testmints.logs.mint-logs	com.zegreatrob.testmints.logs.mint-logs.gradle.plugin	10.2.12		N/A
com.zegreatrob.testmints.logs.mint-logs	com.zegreatrob.testmints.logs.mint-logs.gradle.plugin	10.2.13		N/A
com.zegreatrob.testmints.logs.mint-logs	com.zegreatrob.testmints.logs.mint-logs.gradle.plugin	10.2.14		N/A
com.zegreatrob.testmints.logs.mint-logs	com.zegreatrob.testmints.logs.mint-logs.gradle.plugin	10.2.15		N/A
com.zegreatrob.testmints.logs.mint-logs	com.zegreatrob.testmints.logs.mint-logs.gradle.plugin	10.2.16		N/A
com.zegreatrob.testmints.logs.mint-logs	com.zegreatrob.testmints.logs.mint-logs.gradle.plugin	10.2.17		N/A
com.zegreatrob.testmints.logs.mint-logs	com.zegreatrob.testmints.logs.mint-logs.gradle.plugin	10.2.18		N/A
com.zegreatrob.testmints.logs.mint-logs	com.zegreatrob.testmints.logs.mint-logs.gradle.plugin	10.2.2		N/A
com.zegreatrob.testmints.logs.mint-logs	com.zegreatrob.testmints.logs.mint-logs.gradle.plugin	10.2.3		N/A
com.zegreatrob.testmints.logs.mint-logs	com.zegreatrob.testmints.logs.mint-logs.gradle.plugin	10.2.4		N/A
com.zegreatrob.testmints.logs.mint-logs	com.zegreatrob.testmints.logs.mint-logs.gradle.plugin	10.2.8		N/A
com.zegreatrob.testmints.logs.mint-logs	com.zegreatrob.testmints.logs.mint-logs.gradle.plugin	10.2.9		N/A
com.zegreatrob.testmints.logs.mint-logs	com.zegreatrob.testmints.logs.mint-logs.gradle.plugin	10.3.0		N/A
com.zegreatrob.testmints.logs.mint-logs	com.zegreatrob.testmints.logs.mint-logs.gradle.plugin	10.3.1		N/A
com.zegreatrob.testmints.logs.mint-logs	com.zegreatrob.testmints.logs.mint-logs.gradle.plugin	10.3.10		N/A
com.zegreatrob.testmints.logs.mint-logs	com.zegreatrob.testmints.logs.mint-logs.gradle.plugin	10.3.11		N/A
com.zegreatrob.testmints.logs.mint-logs	com.zegreatrob.testmints.logs.mint-logs.gradle.plugin	10.3.12		N/A
com.zegreatrob.testmints.logs.mint-logs	com.zegreatrob.testmints.logs.mint-logs.gradle.plugin	10.3.13		N/A
com.zegreatrob.testmints.logs.mint-logs	com.zegreatrob.testmints.logs.mint-logs.gradle.plugin	10.3.14		N/A
com.zegreatrob.testmints.logs.mint-logs	com.zegreatrob.testmints.logs.mint-logs.gradle.plugin	10.3.15		N/A
com.zegreatrob.testmints.logs.mint-logs	com.zegreatrob.testmints.logs.mint-logs.gradle.plugin	10.3.16		N/A
com.zegreatrob.testmints.logs.mint-logs	com.zegreatrob.testmints.logs.mint-logs.gradle.plugin	10.3.17		N/A
com.zegreatrob.testmints.logs.mint-logs	com.zegreatrob.testmints.logs.mint-logs.gradle.plugin	10.3.18		N/A
com.zegreatrob.testmints.logs.mint-logs	com.zegreatrob.testmints.logs.mint-logs.gradle.plugin	10.3.19		N/A
com.zegreatrob.testmints.logs.mint-logs	com.zegreatrob.testmints.logs.mint-logs.gradle.plugin	10.3.2		N/A
com.zegreatrob.testmints.logs.mint-logs	com.zegreatrob.testmints.logs.mint-logs.gradle.plugin	10.3.20		N/A
com.zegreatrob.testmints.logs.mint-logs	com.zegreatrob.testmints.logs.mint-logs.gradle.plugin	10.3.21		N/A
com.zegreatrob.testmints.logs.mint-logs	com.zegreatrob.testmints.logs.mint-logs.gradle.plugin	10.3.22		N/A
com.zegreatrob.testmints.logs.mint-logs	com.zegreatrob.testmints.logs.mint-logs.gradle.plugin	10.3.23		N/A
com.zegreatrob.testmints.logs.mint-logs	com.zegreatrob.testmints.logs.mint-logs.gradle.plugin	10.3.24		N/A
com.zegreatrob.testmints.logs.mint-logs	com.zegreatrob.testmints.logs.mint-logs.gradle.plugin	10.3.25		N/A
com.zegreatrob.testmints.logs.mint-logs	com.zegreatrob.testmints.logs.mint-logs.gradle.plugin	10.3.26		N/A
com.zegreatrob.testmints.logs.mint-logs	com.zegreatrob.testmints.logs.mint-logs.gradle.plugin	10.3.27		N/A
com.zegreatrob.testmints.logs.mint-logs	com.zegreatrob.testmints.logs.mint-logs.gradle.plugin	10.3.3		N/A
com.zegreatrob.testmints.logs.mint-logs	com.zegreatrob.testmints.logs.mint-logs.gradle.plugin	10.3.4		N/A
com.zegreatrob.testmints.logs.mint-logs	com.zegreatrob.testmints.logs.mint-logs.gradle.plugin	10.3.5		N/A
com.zegreatrob.testmints.logs.mint-logs	com.zegreatrob.testmints.logs.mint-logs.gradle.plugin	10.3.6		N/A
com.zegreatrob.testmints.logs.mint-logs	com.zegreatrob.testmints.logs.mint-logs.gradle.plugin	10.3.7		N/A
com.zegreatrob.testmints.logs.mint-logs	com.zegreatrob.testmints.logs.mint-logs.gradle.plugin	10.3.8		N/A
com.zegreatrob.testmints.logs.mint-logs	com.zegreatrob.testmints.logs.mint-logs.gradle.plugin	10.3.9		N/A
com.zegreatrob.testmints.logs.mint-logs	com.zegreatrob.testmints.logs.mint-logs.gradle.plugin	11.0.0		N/A
com.zegreatrob.testmints.logs.mint-logs	com.zegreatrob.testmints.logs.mint-logs.gradle.plugin	11.0.1		N/A
com.zegreatrob.testmints.logs.mint-logs	com.zegreatrob.testmints.logs.mint-logs.gradle.plugin	11.0.10		N/A
com.zegreatrob.testmints.logs.mint-logs	com.zegreatrob.testmints.logs.mint-logs.gradle.plugin	11.0.11		N/A
com.zegreatrob.testmints.logs.mint-logs	com.zegreatrob.testmints.logs.mint-logs.gradle.plugin	11.0.12		N/A
com.zegreatrob.testmints.logs.mint-logs	com.zegreatrob.testmints.logs.mint-logs.gradle.plugin	11.0.2		N/A
com.zegreatrob.testmints.logs.mint-logs	com.zegreatrob.testmints.logs.mint-logs.gradle.plugin	11.0.3		N/A
com.zegreatrob.testmints.logs.mint-logs	com.zegreatrob.testmints.logs.mint-logs.gradle.plugin	11.0.4		N/A
com.zegreatrob.testmints.logs.mint-logs	com.zegreatrob.testmints.logs.mint-logs.gradle.plugin	11.0.5		N/A
com.zegreatrob.testmints.logs.mint-logs	com.zegreatrob.testmints.logs.mint-logs.gradle.plugin	11.0.6		N/A
com.zegreatrob.testmints.logs.mint-logs	com.zegreatrob.testmints.logs.mint-logs.gradle.plugin	11.0.7		N/A
com.zegreatrob.testmints.logs.mint-logs	com.zegreatrob.testmints.logs.mint-logs.gradle.plugin	11.0.8		N/A
com.zegreatrob.testmints.logs.mint-logs	com.zegreatrob.testmints.logs.mint-logs.gradle.plugin	11.0.9		N/A
com.zegreatrob.testmints.logs.mint-logs	com.zegreatrob.testmints.logs.mint-logs.gradle.plugin	11.1.0		N/A
com.zegreatrob.testmints.logs.mint-logs	com.zegreatrob.testmints.logs.mint-logs.gradle.plugin	11.1.1		N/A
com.zegreatrob.testmints.logs.mint-logs	com.zegreatrob.testmints.logs.mint-logs.gradle.plugin	11.1.10		N/A
com.zegreatrob.testmints.logs.mint-logs	com.zegreatrob.testmints.logs.mint-logs.gradle.plugin	11.1.2		N/A
com.zegreatrob.testmints.logs.mint-logs	com.zegreatrob.testmints.logs.mint-logs.gradle.plugin	11.1.3		N/A
com.zegreatrob.testmints.logs.mint-logs	com.zegreatrob.testmints.logs.mint-logs.gradle.plugin	11.1.4		N/A
com.zegreatrob.testmints.logs.mint-logs	com.zegreatrob.testmints.logs.mint-logs.gradle.plugin	11.1.5		N/A
com.zegreatrob.testmints.logs.mint-logs	com.zegreatrob.testmints.logs.mint-logs.gradle.plugin	11.1.6		N/A
com.zegreatrob.testmints.logs.mint-logs	com.zegreatrob.testmints.logs.mint-logs.gradle.plugin	11.1.7		N/A
com.zegreatrob.testmints.logs.mint-logs	com.zegreatrob.testmints.logs.mint-logs.gradle.plugin	11.1.8		N/A
com.zegreatrob.testmints.logs.mint-logs	com.zegreatrob.testmints.logs.mint-logs.gradle.plugin	11.1.9		N/A
com.zegreatrob.testmints.logs.mint-logs	com.zegreatrob.testmints.logs.mint-logs.gradle.plugin	11.2.0		N/A
com.zegreatrob.testmints.logs.mint-logs	com.zegreatrob.testmints.logs.mint-logs.gradle.plugin	11.2.1		N/A
com.zegreatrob.testmints.logs.mint-logs	com.zegreatrob.testmints.logs.mint-logs.gradle.plugin	11.2.10		N/A
com.zegreatrob.testmints.logs.mint-logs	com.zegreatrob.testmints.logs.mint-logs.gradle.plugin	11.2.11		N/A
com.zegreatrob.testmints.logs.mint-logs	com.zegreatrob.testmints.logs.mint-logs.gradle.plugin	11.2.12		N/A
com.zegreatrob.testmints.logs.mint-logs	com.zegreatrob.testmints.logs.mint-logs.gradle.plugin	11.2.13		N/A
com.zegreatrob.testmints.logs.mint-logs	com.zegreatrob.testmints.logs.mint-logs.gradle.plugin	11.2.14		N/A
com.zegreatrob.testmints.logs.mint-logs	com.zegreatrob.testmints.logs.mint-logs.gradle.plugin	11.2.15		N/A
com.zegreatrob.testmints.logs.mint-logs	com.zegreatrob.testmints.logs.mint-logs.gradle.plugin	11.2.16		N/A
com.zegreatrob.testmints.logs.mint-logs	com.zegreatrob.testmints.logs.mint-logs.gradle.plugin	11.2.17		N/A
com.zegreatrob.testmints.logs.mint-logs	com.zegreatrob.testmints.logs.mint-logs.gradle.plugin	11.2.18		N/A
com.zegreatrob.testmints.logs.mint-logs	com.zegreatrob.testmints.logs.mint-logs.gradle.plugin	11.2.19		N/A
com.zegreatrob.testmints.logs.mint-logs	com.zegreatrob.testmints.logs.mint-logs.gradle.plugin	11.2.2		N/A
com.zegreatrob.testmints.logs.mint-logs	com.zegreatrob.testmints.logs.mint-logs.gradle.plugin	11.2.20		N/A
com.zegreatrob.testmints.logs.mint-logs	com.zegreatrob.testmints.logs.mint-logs.gradle.plugin	11.2.21		N/A
com.zegreatrob.testmints.logs.mint-logs	com.zegreatrob.testmints.logs.mint-logs.gradle.plugin	11.2.22		N/A
com.zegreatrob.testmints.logs.mint-logs	com.zegreatrob.testmints.logs.mint-logs.gradle.plugin	11.2.23		N/A
com.zegreatrob.testmints.logs.mint-logs	com.zegreatrob.testmints.logs.mint-logs.gradle.plugin	11.2.24		N/A
com.zegreatrob.testmints.logs.mint-logs	com.zegreatrob.testmints.logs.mint-logs.gradle.plugin	11.2.25		N/A
com.zegreatrob.testmints.logs.mint-logs	com.zegreatrob.testmints.logs.mint-logs.gradle.plugin	11.2.26		N/A
com.zegreatrob.testmints.logs.mint-logs	com.zegreatrob.testmints.logs.mint-logs.gradle.plugin	11.2.27		N/A
com.zegreatrob.testmints.logs.mint-logs	com.zegreatrob.testmints.logs.mint-logs.gradle.plugin	11.2.28		N/A
com.zegreatrob.testmints.logs.mint-logs	com.zegreatrob.testmints.logs.mint-logs.gradle.plugin	11.2.29		N/A
com.zegreatrob.testmints.logs.mint-logs	com.zegreatrob.testmints.logs.mint-logs.gradle.plugin	11.2.3		N/A
com.zegreatrob.testmints.logs.mint-logs	com.zegreatrob.testmints.logs.mint-logs.gradle.plugin	11.2.30		N/A
com.zegreatrob.testmints.logs.mint-logs	com.zegreatrob.testmints.logs.mint-logs.gradle.plugin	11.2.31		N/A
com.zegreatrob.testmints.logs.mint-logs	com.zegreatrob.testmints.logs.mint-logs.gradle.plugin	11.2.32		N/A
com.zegreatrob.testmints.logs.mint-logs	com.zegreatrob.testmints.logs.mint-logs.gradle.plugin	11.2.33		N/A
com.zegreatrob.testmints.logs.mint-logs	com.zegreatrob.testmints.logs.mint-logs.gradle.plugin	11.2.35		N/A
com.zegreatrob.testmints.logs.mint-logs	com.zegreatrob.testmints.logs.mint-logs.gradle.plugin	11.2.36		N/A
com.zegreatrob.testmints.logs.mint-logs	com.zegreatrob.testmints.logs.mint-logs.gradle.plugin	11.2.37		N/A
com.zegreatrob.testmints.logs.mint-logs	com.zegreatrob.testmints.logs.mint-logs.gradle.plugin	11.2.38		N/A
com.zegreatrob.testmints.logs.mint-logs	com.zegreatrob.testmints.logs.mint-logs.gradle.plugin	11.2.39		N/A
com.zegreatrob.testmints.logs.mint-logs	com.zegreatrob.testmints.logs.mint-logs.gradle.plugin	11.2.4		N/A
com.zegreatrob.testmints.logs.mint-logs	com.zegreatrob.testmints.logs.mint-logs.gradle.plugin	11.2.40		N/A
com.zegreatrob.testmints.logs.mint-logs	com.zegreatrob.testmints.logs.mint-logs.gradle.plugin	11.2.41		N/A
com.zegreatrob.testmints.logs.mint-logs	com.zegreatrob.testmints.logs.mint-logs.gradle.plugin	11.2.42		N/A
com.zegreatrob.testmints.logs.mint-logs	com.zegreatrob.testmints.logs.mint-logs.gradle.plugin	11.2.43		N/A
com.zegreatrob.testmints.logs.mint-logs	com.zegreatrob.testmints.logs.mint-logs.gradle.plugin	11.2.5		N/A
com.zegreatrob.testmints.logs.mint-logs	com.zegreatrob.testmints.logs.mint-logs.gradle.plugin	11.2.6		N/A
com.zegreatrob.testmints.logs.mint-logs	com.zegreatrob.testmints.logs.mint-logs.gradle.plugin	11.2.7		N/A
com.zegreatrob.testmints.logs.mint-logs	com.zegreatrob.testmints.logs.mint-logs.gradle.plugin	11.2.8		N/A
com.zegreatrob.testmints.logs.mint-logs	com.zegreatrob.testmints.logs.mint-logs.gradle.plugin	11.2.9		N/A
com.zegreatrob.testmints.logs.mint-logs	com.zegreatrob.testmints.logs.mint-logs.gradle.plugin	12.0.0		N/A
com.zegreatrob.testmints.logs.mint-logs	com.zegreatrob.testmints.logs.mint-logs.gradle.plugin	12.0.1		N/A
com.zegreatrob.testmints.logs.mint-logs	com.zegreatrob.testmints.logs.mint-logs.gradle.plugin	12.0.10		N/A
com.zegreatrob.testmints.logs.mint-logs	com.zegreatrob.testmints.logs.mint-logs.gradle.plugin	12.0.11		N/A
com.zegreatrob.testmints.logs.mint-logs	com.zegreatrob.testmints.logs.mint-logs.gradle.plugin	12.0.12		N/A
com.zegreatrob.testmints.logs.mint-logs	com.zegreatrob.testmints.logs.mint-logs.gradle.plugin	12.0.13		N/A
com.zegreatrob.testmints.logs.mint-logs	com.zegreatrob.testmints.logs.mint-logs.gradle.plugin	12.0.14		N/A
com.zegreatrob.testmints.logs.mint-logs	com.zegreatrob.testmints.logs.mint-logs.gradle.plugin	12.0.15		N/A
com.zegreatrob.testmints.logs.mint-logs	com.zegreatrob.testmints.logs.mint-logs.gradle.plugin	12.0.16		N/A
com.zegreatrob.testmints.logs.mint-logs	com.zegreatrob.testmints.logs.mint-logs.gradle.plugin	12.0.17		N/A
com.zegreatrob.testmints.logs.mint-logs	com.zegreatrob.testmints.logs.mint-logs.gradle.plugin	12.0.18		N/A
com.zegreatrob.testmints.logs.mint-logs	com.zegreatrob.testmints.logs.mint-logs.gradle.plugin	12.0.19		N/A
com.zegreatrob.testmints.logs.mint-logs	com.zegreatrob.testmints.logs.mint-logs.gradle.plugin	12.0.2		N/A
com.zegreatrob.testmints.logs.mint-logs	com.zegreatrob.testmints.logs.mint-logs.gradle.plugin	12.0.20		N/A
com.zegreatrob.testmints.logs.mint-logs	com.zegreatrob.testmints.logs.mint-logs.gradle.plugin	12.0.21		N/A
com.zegreatrob.testmints.logs.mint-logs	com.zegreatrob.testmints.logs.mint-logs.gradle.plugin	12.0.22		N/A
com.zegreatrob.testmints.logs.mint-logs	com.zegreatrob.testmints.logs.mint-logs.gradle.plugin	12.0.23		N/A
com.zegreatrob.testmints.logs.mint-logs	com.zegreatrob.testmints.logs.mint-logs.gradle.plugin	12.0.24		N/A
com.zegreatrob.testmints.logs.mint-logs	com.zegreatrob.testmints.logs.mint-logs.gradle.plugin	12.0.25		N/A
com.zegreatrob.testmints.logs.mint-logs	com.zegreatrob.testmints.logs.mint-logs.gradle.plugin	12.0.26		N/A
com.zegreatrob.testmints.logs.mint-logs	com.zegreatrob.testmints.logs.mint-logs.gradle.plugin	12.0.27		N/A
com.zegreatrob.testmints.logs.mint-logs	com.zegreatrob.testmints.logs.mint-logs.gradle.plugin	12.0.28		N/A
com.zegreatrob.testmints.logs.mint-logs	com.zegreatrob.testmints.logs.mint-logs.gradle.plugin	12.0.29		N/A
com.zegreatrob.testmints.logs.mint-logs	com.zegreatrob.testmints.logs.mint-logs.gradle.plugin	12.0.3		N/A
com.zegreatrob.testmints.logs.mint-logs	com.zegreatrob.testmints.logs.mint-logs.gradle.plugin	12.0.30		N/A
com.zegreatrob.testmints.logs.mint-logs	com.zegreatrob.testmints.logs.mint-logs.gradle.plugin	12.0.4		N/A
com.zegreatrob.testmints.logs.mint-logs	com.zegreatrob.testmints.logs.mint-logs.gradle.plugin	12.0.5		N/A
com.zegreatrob.testmints.logs.mint-logs	com.zegreatrob.testmints.logs.mint-logs.gradle.plugin	12.0.6		N/A
com.zegreatrob.testmints.logs.mint-logs	com.zegreatrob.testmints.logs.mint-logs.gradle.plugin	12.0.7		N/A
com.zegreatrob.testmints.logs.mint-logs	com.zegreatrob.testmints.logs.mint-logs.gradle.plugin	12.0.8		N/A
com.zegreatrob.testmints.logs.mint-logs	com.zegreatrob.testmints.logs.mint-logs.gradle.plugin	12.0.9		N/A
com.zegreatrob.testmints.logs.mint-logs	com.zegreatrob.testmints.logs.mint-logs.gradle.plugin	12.1.0		N/A
com.zegreatrob.testmints.logs.mint-logs	com.zegreatrob.testmints.logs.mint-logs.gradle.plugin	12.1.1		N/A
com.zegreatrob.testmints.logs.mint-logs	com.zegreatrob.testmints.logs.mint-logs.gradle.plugin	12.1.10		N/A
com.zegreatrob.testmints.logs.mint-logs	com.zegreatrob.testmints.logs.mint-logs.gradle.plugin	12.1.11		N/A
com.zegreatrob.testmints.logs.mint-logs	com.zegreatrob.testmints.logs.mint-logs.gradle.plugin	12.1.12		N/A
com.zegreatrob.testmints.logs.mint-logs	com.zegreatrob.testmints.logs.mint-logs.gradle.plugin	12.1.13		N/A
com.zegreatrob.testmints.logs.mint-logs	com.zegreatrob.testmints.logs.mint-logs.gradle.plugin	12.1.14		N/A
com.zegreatrob.testmints.logs.mint-logs	com.zegreatrob.testmints.logs.mint-logs.gradle.plugin	12.1.15		N/A
com.zegreatrob.testmints.logs.mint-logs	com.zegreatrob.testmints.logs.mint-logs.gradle.plugin	12.1.16		N/A
com.zegreatrob.testmints.logs.mint-logs	com.zegreatrob.testmints.logs.mint-logs.gradle.plugin	12.1.17		N/A
com.zegreatrob.testmints.logs.mint-logs	com.zegreatrob.testmints.logs.mint-logs.gradle.plugin	12.1.18		N/A
com.zegreatrob.testmints.logs.mint-logs	com.zegreatrob.testmints.logs.mint-logs.gradle.plugin	12.1.19		N/A
com.zegreatrob.testmints.logs.mint-logs	com.zegreatrob.testmints.logs.mint-logs.gradle.plugin	12.1.2		N/A
com.zegreatrob.testmints.logs.mint-logs	com.zegreatrob.testmints.logs.mint-logs.gradle.plugin	12.1.20		N/A
com.zegreatrob.testmints.logs.mint-logs	com.zegreatrob.testmints.logs.mint-logs.gradle.plugin	12.1.21		N/A
com.zegreatrob.testmints.logs.mint-logs	com.zegreatrob.testmints.logs.mint-logs.gradle.plugin	12.1.22		N/A
com.zegreatrob.testmints.logs.mint-logs	com.zegreatrob.testmints.logs.mint-logs.gradle.plugin	12.1.24		N/A
com.zegreatrob.testmints.logs.mint-logs	com.zegreatrob.testmints.logs.mint-logs.gradle.plugin	12.1.25		N/A
com.zegreatrob.testmints.logs.mint-logs	com.zegreatrob.testmints.logs.mint-logs.gradle.plugin	12.1.26		N/A
com.zegreatrob.testmints.logs.mint-logs	com.zegreatrob.testmints.logs.mint-logs.gradle.plugin	12.1.27		N/A
com.zegreatrob.testmints.logs.mint-logs	com.zegreatrob.testmints.logs.mint-logs.gradle.plugin	12.1.28		N/A
com.zegreatrob.testmints.logs.mint-logs	com.zegreatrob.testmints.logs.mint-logs.gradle.plugin	12.1.29		N/A
com.zegreatrob.testmints.logs.mint-logs	com.zegreatrob.testmints.logs.mint-logs.gradle.plugin	12.1.3		N/A
com.zegreatrob.testmints.logs.mint-logs	com.zegreatrob.testmints.logs.mint-logs.gradle.plugin	12.1.30		N/A
com.zegreatrob.testmints.logs.mint-logs	com.zegreatrob.testmints.logs.mint-logs.gradle.plugin	12.1.31		N/A
com.zegreatrob.testmints.logs.mint-logs	com.zegreatrob.testmints.logs.mint-logs.gradle.plugin	12.1.32		N/A
com.zegreatrob.testmints.logs.mint-logs	com.zegreatrob.testmints.logs.mint-logs.gradle.plugin	12.1.33		N/A
com.zegreatrob.testmints.logs.mint-logs	com.zegreatrob.testmints.logs.mint-logs.gradle.plugin	12.1.34		N/A
com.zegreatrob.testmints.logs.mint-logs	com.zegreatrob.testmints.logs.mint-logs.gradle.plugin	12.1.35		N/A
com.zegreatrob.testmints.logs.mint-logs	com.zegreatrob.testmints.logs.mint-logs.gradle.plugin	12.1.36		N/A
com.zegreatrob.testmints.logs.mint-logs	com.zegreatrob.testmints.logs.mint-logs.gradle.plugin	12.1.37		N/A
com.zegreatrob.testmints.logs.mint-logs	com.zegreatrob.testmints.logs.mint-logs.gradle.plugin	12.1.38		N/A
com.zegreatrob.testmints.logs.mint-logs	com.zegreatrob.testmints.logs.mint-logs.gradle.plugin	12.1.39		N/A
com.zegreatrob.testmints.logs.mint-logs	com.zegreatrob.testmints.logs.mint-logs.gradle.plugin	12.1.4		N/A
com.zegreatrob.testmints.logs.mint-logs	com.zegreatrob.testmints.logs.mint-logs.gradle.plugin	12.1.40		N/A
com.zegreatrob.testmints.logs.mint-logs	com.zegreatrob.testmints.logs.mint-logs.gradle.plugin	12.1.41		N/A
com.zegreatrob.testmints.logs.mint-logs	com.zegreatrob.testmints.logs.mint-logs.gradle.plugin	12.1.42		N/A
com.zegreatrob.testmints.logs.mint-logs	com.zegreatrob.testmints.logs.mint-logs.gradle.plugin	12.1.43		N/A
com.zegreatrob.testmints.logs.mint-logs	com.zegreatrob.testmints.logs.mint-logs.gradle.plugin	12.1.44		N/A
com.zegreatrob.testmints.logs.mint-logs	com.zegreatrob.testmints.logs.mint-logs.gradle.plugin	12.1.45		N/A
com.zegreatrob.testmints.logs.mint-logs	com.zegreatrob.testmints.logs.mint-logs.gradle.plugin	12.1.46		N/A
com.zegreatrob.testmints.logs.mint-logs	com.zegreatrob.testmints.logs.mint-logs.gradle.plugin	12.1.47		N/A
com.zegreatrob.testmints.logs.mint-logs	com.zegreatrob.testmints.logs.mint-logs.gradle.plugin	12.1.48		N/A
com.zegreatrob.testmints.logs.mint-logs	com.zegreatrob.testmints.logs.mint-logs.gradle.plugin	12.1.49		N/A
com.zegreatrob.testmints.logs.mint-logs	com.zegreatrob.testmints.logs.mint-logs.gradle.plugin	12.1.5		N/A
com.zegreatrob.testmints.logs.mint-logs	com.zegreatrob.testmints.logs.mint-logs.gradle.plugin	12.1.50		N/A
com.zegreatrob.testmints.logs.mint-logs	com.zegreatrob.testmints.logs.mint-logs.gradle.plugin	12.1.51		N/A
com.zegreatrob.testmints.logs.mint-logs	com.zegreatrob.testmints.logs.mint-logs.gradle.plugin	12.1.52		N/A
com.zegreatrob.testmints.logs.mint-logs	com.zegreatrob.testmints.logs.mint-logs.gradle.plugin	12.1.53		N/A
com.zegreatrob.testmints.logs.mint-logs	com.zegreatrob.testmints.logs.mint-logs.gradle.plugin	12.1.54		N/A
com.zegreatrob.testmints.logs.mint-logs	com.zegreatrob.testmints.logs.mint-logs.gradle.plugin	12.1.55		N/A
com.zegreatrob.testmints.logs.mint-logs	com.zegreatrob.testmints.logs.mint-logs.gradle.plugin	12.1.56		N/A
com.zegreatrob.testmints.logs.mint-logs	com.zegreatrob.testmints.logs.mint-logs.gradle.plugin	12.1.57		N/A
com.zegreatrob.testmints.logs.mint-logs	com.zegreatrob.testmints.logs.mint-logs.gradle.plugin	12.1.58		N/A
com.zegreatrob.testmints.logs.mint-logs	com.zegreatrob.testmints.logs.mint-logs.gradle.plugin	12.1.59		N/A
com.zegreatrob.testmints.logs.mint-logs	com.zegreatrob.testmints.logs.mint-logs.gradle.plugin	12.1.6		N/A
com.zegreatrob.testmints.logs.mint-logs	com.zegreatrob.testmints.logs.mint-logs.gradle.plugin	12.1.60		N/A
com.zegreatrob.testmints.logs.mint-logs	com.zegreatrob.testmints.logs.mint-logs.gradle.plugin	12.1.61		N/A
com.zegreatrob.testmints.logs.mint-logs	com.zegreatrob.testmints.logs.mint-logs.gradle.plugin	12.1.62		N/A
com.zegreatrob.testmints.logs.mint-logs	com.zegreatrob.testmints.logs.mint-logs.gradle.plugin	12.1.63		N/A
com.zegreatrob.testmints.logs.mint-logs	com.zegreatrob.testmints.logs.mint-logs.gradle.plugin	12.1.64		N/A
com.zegreatrob.testmints.logs.mint-logs	com.zegreatrob.testmints.logs.mint-logs.gradle.plugin	12.1.65		N/A
com.zegreatrob.testmints.logs.mint-logs	com.zegreatrob.testmints.logs.mint-logs.gradle.plugin	12.1.66		N/A
com.zegreatrob.testmints.logs.mint-logs	com.zegreatrob.testmints.logs.mint-logs.gradle.plugin	12.1.67		N/A
com.zegreatrob.testmints.logs.mint-logs	com.zegreatrob.testmints.logs.mint-logs.gradle.plugin	12.1.68		N/A
com.zegreatrob.testmints.logs.mint-logs	com.zegreatrob.testmints.logs.mint-logs.gradle.plugin	12.1.69		N/A
com.zegreatrob.testmints.logs.mint-logs	com.zegreatrob.testmints.logs.mint-logs.gradle.plugin	12.1.7		N/A
com.zegreatrob.testmints.logs.mint-logs	com.zegreatrob.testmints.logs.mint-logs.gradle.plugin	12.1.70		N/A
com.zegreatrob.testmints.logs.mint-logs	com.zegreatrob.testmints.logs.mint-logs.gradle.plugin	12.1.8		N/A
com.zegreatrob.testmints.logs.mint-logs	com.zegreatrob.testmints.logs.mint-logs.gradle.plugin	12.1.9		N/A
com.zegreatrob.testmints.logs.mint-logs	com.zegreatrob.testmints.logs.mint-logs.gradle.plugin	12.2.0		N/A
com.zegreatrob.testmints.logs.mint-logs	com.zegreatrob.testmints.logs.mint-logs.gradle.plugin	12.2.1		N/A
com.zegreatrob.testmints.logs.mint-logs	com.zegreatrob.testmints.logs.mint-logs.gradle.plugin	12.2.10		N/A
com.zegreatrob.testmints.logs.mint-logs	com.zegreatrob.testmints.logs.mint-logs.gradle.plugin	12.2.11		N/A
com.zegreatrob.testmints.logs.mint-logs	com.zegreatrob.testmints.logs.mint-logs.gradle.plugin	12.2.12		N/A
com.zegreatrob.testmints.logs.mint-logs	com.zegreatrob.testmints.logs.mint-logs.gradle.plugin	12.2.2		N/A
com.zegreatrob.testmints.logs.mint-logs	com.zegreatrob.testmints.logs.mint-logs.gradle.plugin	12.2.3		N/A
com.zegreatrob.testmints.logs.mint-logs	com.zegreatrob.testmints.logs.mint-logs.gradle.plugin	12.2.4		N/A
com.zegreatrob.testmints.logs.mint-logs	com.zegreatrob.testmints.logs.mint-logs.gradle.plugin	12.2.5		N/A
com.zegreatrob.testmints.logs.mint-logs	com.zegreatrob.testmints.logs.mint-logs.gradle.plugin	12.2.6		N/A
com.zegreatrob.testmints.logs.mint-logs	com.zegreatrob.testmints.logs.mint-logs.gradle.plugin	12.2.7		N/A
com.zegreatrob.testmints.logs.mint-logs	com.zegreatrob.testmints.logs.mint-logs.gradle.plugin	12.2.8		N/A
com.zegreatrob.testmints.logs.mint-logs	com.zegreatrob.testmints.logs.mint-logs.gradle.plugin	12.2.9		N/A
com.zegreatrob.testmints.logs.mint-logs	com.zegreatrob.testmints.logs.mint-logs.gradle.plugin	9.0.18		N/A
com.zegreatrob.testmints.logs.mint-logs	com.zegreatrob.testmints.logs.mint-logs.gradle.plugin	9.0.19		N/A
com.zegreatrob.testmints.logs.mint-logs	com.zegreatrob.testmints.logs.mint-logs.gradle.plugin	9.0.20		N/A
com.zegreatrob.testmints.logs.mint-logs	com.zegreatrob.testmints.logs.mint-logs.gradle.plugin	9.0.21		N/A
com.zegreatrob.testmints.logs.mint-logs	com.zegreatrob.testmints.logs.mint-logs.gradle.plugin	9.1.0		N/A
com.zegreatrob.testmints.logs.mint-logs	com.zegreatrob.testmints.logs.mint-logs.gradle.plugin	9.1.1		N/A
com.zegreatrob.testmints.logs.mint-logs	com.zegreatrob.testmints.logs.mint-logs.gradle.plugin	9.1.10		N/A
com.zegreatrob.testmints.logs.mint-logs	com.zegreatrob.testmints.logs.mint-logs.gradle.plugin	9.1.11		N/A
com.zegreatrob.testmints.logs.mint-logs	com.zegreatrob.testmints.logs.mint-logs.gradle.plugin	9.1.12		N/A
com.zegreatrob.testmints.logs.mint-logs	com.zegreatrob.testmints.logs.mint-logs.gradle.plugin	9.1.13		N/A
com.zegreatrob.testmints.logs.mint-logs	com.zegreatrob.testmints.logs.mint-logs.gradle.plugin	9.1.14		N/A
com.zegreatrob.testmints.logs.mint-logs	com.zegreatrob.testmints.logs.mint-logs.gradle.plugin	9.1.15		N/A
com.zegreatrob.testmints.logs.mint-logs	com.zegreatrob.testmints.logs.mint-logs.gradle.plugin	9.1.16		N/A
com.zegreatrob.testmints.logs.mint-logs	com.zegreatrob.testmints.logs.mint-logs.gradle.plugin	9.1.17		N/A
com.zegreatrob.testmints.logs.mint-logs	com.zegreatrob.testmints.logs.mint-logs.gradle.plugin	9.1.18		N/A
com.zegreatrob.testmints.logs.mint-logs	com.zegreatrob.testmints.logs.mint-logs.gradle.plugin	9.1.19		N/A
com.zegreatrob.testmints.logs.mint-logs	com.zegreatrob.testmints.logs.mint-logs.gradle.plugin	9.1.3		N/A
com.zegreatrob.testmints.logs.mint-logs	com.zegreatrob.testmints.logs.mint-logs.gradle.plugin	9.1.4		N/A
com.zegreatrob.testmints.logs.mint-logs	com.zegreatrob.testmints.logs.mint-logs.gradle.plugin	9.1.5		N/A
com.zegreatrob.testmints.logs.mint-logs	com.zegreatrob.testmints.logs.mint-logs.gradle.plugin	9.1.6		N/A
com.zegreatrob.testmints.logs.mint-logs	com.zegreatrob.testmints.logs.mint-logs.gradle.plugin	9.1.7		N/A
com.zegreatrob.testmints.logs.mint-logs	com.zegreatrob.testmints.logs.mint-logs.gradle.plugin	9.1.8		N/A
com.zegreatrob.testmints.logs.mint-logs	com.zegreatrob.testmints.logs.mint-logs.gradle.plugin	9.1.9		N/A
com.zegreatrob.testmints.logs.mint-logs	com.zegreatrob.testmints.logs.mint-logs.gradle.plugin	9.2.0		N/A
com.zegreatrob.testmints.logs.mint-logs	com.zegreatrob.testmints.logs.mint-logs.gradle.plugin	9.2.1		N/A
com.zegreatrob.testmints.logs.mint-logs	com.zegreatrob.testmints.logs.mint-logs.gradle.plugin	9.2.2		N/A
com.zegreatrob.testmints.logs.mint-logs	com.zegreatrob.testmints.logs.mint-logs.gradle.plugin	9.2.3		N/A
com.zegreatrob.testmints.logs.mint-logs	com.zegreatrob.testmints.logs.mint-logs.gradle.plugin	9.2.4		N/A
com.zegreatrob.testmints.logs.mint-logs	com.zegreatrob.testmints.logs.mint-logs.gradle.plugin	9.2.5		N/A
com.zegreatrob.testmints.logs.mint-logs	com.zegreatrob.testmints.logs.mint-logs.gradle.plugin	9.2.6		N/A
com.zegreatrob.testmints.logs.mint-logs	com.zegreatrob.testmints.logs.mint-logs.gradle.plugin	9.3.0		N/A
com.zegreatrob.testmints.logs.mint-logs	com.zegreatrob.testmints.logs.mint-logs.gradle.plugin	9.3.1		N/A
com.zegreatrob.testmints.logs.mint-logs	com.zegreatrob.testmints.logs.mint-logs.gradle.plugin	9.3.10		N/A
com.zegreatrob.testmints.logs.mint-logs	com.zegreatrob.testmints.logs.mint-logs.gradle.plugin	9.3.11		N/A
com.zegreatrob.testmints.logs.mint-logs	com.zegreatrob.testmints.logs.mint-logs.gradle.plugin	9.3.12		N/A
com.zegreatrob.testmints.logs.mint-logs	com.zegreatrob.testmints.logs.mint-logs.gradle.plugin	9.3.13		N/A
com.zegreatrob.testmints.logs.mint-logs	com.zegreatrob.testmints.logs.mint-logs.gradle.plugin	9.3.14		N/A
com.zegreatrob.testmints.logs.mint-logs	com.zegreatrob.testmints.logs.mint-logs.gradle.plugin	9.3.15		N/A
com.zegreatrob.testmints.logs.mint-logs	com.zegreatrob.testmints.logs.mint-logs.gradle.plugin	9.3.16		N/A
com.zegreatrob.testmints.logs.mint-logs	com.zegreatrob.testmints.logs.mint-logs.gradle.plugin	9.3.17		N/A
com.zegreatrob.testmints.logs.mint-logs	com.zegreatrob.testmints.logs.mint-logs.gradle.plugin	9.3.18		N/A
com.zegreatrob.testmints.logs.mint-logs	com.zegreatrob.testmints.logs.mint-logs.gradle.plugin	9.3.19		N/A
com.zegreatrob.testmints.logs.mint-logs	com.zegreatrob.testmints.logs.mint-logs.gradle.plugin	9.3.2		N/A
com.zegreatrob.testmints.logs.mint-logs	com.zegreatrob.testmints.logs.mint-logs.gradle.plugin	9.3.20		N/A
com.zegreatrob.testmints.logs.mint-logs	com.zegreatrob.testmints.logs.mint-logs.gradle.plugin	9.3.21		N/A
com.zegreatrob.testmints.logs.mint-logs	com.zegreatrob.testmints.logs.mint-logs.gradle.plugin	9.3.22		N/A
com.zegreatrob.testmints.logs.mint-logs	com.zegreatrob.testmints.logs.mint-logs.gradle.plugin	9.3.23		N/A
com.zegreatrob.testmints.logs.mint-logs	com.zegreatrob.testmints.logs.mint-logs.gradle.plugin	9.3.24		N/A
com.zegreatrob.testmints.logs.mint-logs	com.zegreatrob.testmints.logs.mint-logs.gradle.plugin	9.3.25		N/A
com.zegreatrob.testmints.logs.mint-logs	com.zegreatrob.testmints.logs.mint-logs.gradle.plugin	9.3.26		N/A
com.zegreatrob.testmints.logs.mint-logs	com.zegreatrob.testmints.logs.mint-logs.gradle.plugin	9.3.27		N/A
com.zegreatrob.testmints.logs.mint-logs	com.zegreatrob.testmints.logs.mint-logs.gradle.plugin	9.3.28		N/A
com.zegreatrob.testmints.logs.mint-logs	com.zegreatrob.testmints.logs.mint-logs.gradle.plugin	9.3.29		N/A
com.zegreatrob.testmints.logs.mint-logs	com.zegreatrob.testmints.logs.mint-logs.gradle.plugin	9.3.3		N/A
com.zegreatrob.testmints.logs.mint-logs	com.zegreatrob.testmints.logs.mint-logs.gradle.plugin	9.3.30		N/A
com.zegreatrob.testmints.logs.mint-logs	com.zegreatrob.testmints.logs.mint-logs.gradle.plugin	9.3.31		N/A
com.zegreatrob.testmints.logs.mint-logs	com.zegreatrob.testmints.logs.mint-logs.gradle.plugin	9.3.32		N/A
com.zegreatrob.testmints.logs.mint-logs	com.zegreatrob.testmints.logs.mint-logs.gradle.plugin	9.3.33		N/A
com.zegreatrob.testmints.logs.mint-logs	com.zegreatrob.testmints.logs.mint-logs.gradle.plugin	9.3.34		N/A
com.zegreatrob.testmints.logs.mint-logs	com.zegreatrob.testmints.logs.mint-logs.gradle.plugin	9.3.35		N/A
com.zegreatrob.testmints.logs.mint-logs	com.zegreatrob.testmints.logs.mint-logs.gradle.plugin	9.3.36		N/A
com.zegreatrob.testmints.logs.mint-logs	com.zegreatrob.testmints.logs.mint-logs.gradle.plugin	9.3.37		N/A
com.zegreatrob.testmints.logs.mint-logs	com.zegreatrob.testmints.logs.mint-logs.gradle.plugin	9.3.38		N/A
com.zegreatrob.testmints.logs.mint-logs	com.zegreatrob.testmints.logs.mint-logs.gradle.plugin	9.3.39		N/A
com.zegreatrob.testmints.logs.mint-logs	com.zegreatrob.testmints.logs.mint-logs.gradle.plugin	9.3.4		N/A
com.zegreatrob.testmints.logs.mint-logs	com.zegreatrob.testmints.logs.mint-logs.gradle.plugin	9.3.40		N/A
com.zegreatrob.testmints.logs.mint-logs	com.zegreatrob.testmints.logs.mint-logs.gradle.plugin	9.3.41		N/A
com.zegreatrob.testmints.logs.mint-logs	com.zegreatrob.testmints.logs.mint-logs.gradle.plugin	9.3.42		N/A
com.zegreatrob.testmints.logs.mint-logs	com.zegreatrob.testmints.logs.mint-logs.gradle.plugin	9.3.43		N/A
com.zegreatrob.testmints.logs.mint-logs	com.zegreatrob.testmints.logs.mint-logs.gradle.plugin	9.3.5		N/A
com.zegreatrob.testmints.logs.mint-logs	com.zegreatrob.testmints.logs.mint-logs.gradle.plugin	9.3.6		N/A
com.zegreatrob.testmints.logs.mint-logs	com.zegreatrob.testmints.logs.mint-logs.gradle.plugin	9.3.7		N/A
com.zegreatrob.testmints.logs.mint-logs	com.zegreatrob.testmints.logs.mint-logs.gradle.plugin	9.3.8		N/A
com.zegreatrob.testmints.logs.mint-logs	com.zegreatrob.testmints.logs.mint-logs.gradle.plugin	9.3.9		N/A
dev.chopsticks	caliban-http4s_3	1.3.3.1		36600a5528c1aef12dd3ce55f5e894435747fc5b
dev.chopsticks	caliban-http4s_3	1.3.3.3		68bb7a3810898be557469b18c5dca11311f28f85
dev.chopsticks	caliban-http4s_3	1.3.3.4		3730e5c04b6ee73587c6af105c6b01dd32fccb06
dev.opensavvy.prepared	suite-tvosarm64	1.5.0		N/A
dev.opensavvy.prepared	suite-tvosarm64	1.5.0	metadata	b05f19761aadc43a364a6464d0210e6bfc8dfc8f
dev.opensavvy.prepared	suite-tvosarm64	1.5.0-rc.1		N/A
dev.opensavvy.prepared	suite-tvosarm64	1.5.0-rc.1	metadata	5448d0cc1069c96c3c3e9371a3225660ae2d851a
dev.opensavvy.prepared	suite-tvosarm64	1.5.1		N/A
dev.opensavvy.prepared	suite-tvosarm64	1.5.1	metadata	76d0110e3410d608070ba8a458154ec84eedf7a2
dev.opensavvy.prepared	suite-tvosarm64	1.5.2		N/A
dev.opensavvy.prepared	suite-tvosarm64	1.5.2	metadata	cac26a772fac0bdc55a857b397126d6e33e5e5d8
dev.opensavvy.prepared	suite-tvosarm64	2.0.0		N/A
dev.opensavvy.prepared	suite-tvosarm64	2.0.0	metadata	8f4cea4cf3ea4f8b1f539b9bd865f300d9306d24
dev.opensavvy.prepared	suite-tvosarm64	2.0.0-alpha.1		N/A
dev.opensavvy.prepared	suite-tvosarm64	2.0.0-alpha.1	metadata	117d87e7cdcbe9f04145cd1b532f2fda8bd1fe27
dev.opensavvy.prepared	suite-tvosarm64	2.0.0-alpha.2		N/A
dev.opensavvy.prepared	suite-tvosarm64	2.0.0-alpha.2	metadata	8dc0deeba4b09e12d3cf398f251d5cf2e29cb01f
dev.opensavvy.prepared	suite-tvosarm64	2.0.0-rc.1		N/A
dev.opensavvy.prepared	suite-tvosarm64	2.0.0-rc.1	metadata	4a7427a9a39c14528350137372ffce9f26d57ff4
dev.opensavvy.prepared	suite-tvosarm64	2.0.1	metadata	f60c0f01cc8da333ed7091654e95650a00ed3449
es.weso	testsuite_3	0.1.100		35b91e662cd831fbf3f6861be6716b1222d47e89
es.weso	testsuite_3	0.1.98		52517747f7e8cf309603cdc3c4996f40077b238a
es.weso	testsuite_3	0.1.99		a9862db22934e12a7f6da5e51272df821557f329
es.weso	testsuite_3	0.2.1		cc7bd693fd18c9ccf59d689d6d9751f65ef57835
es.weso	testsuite_3	0.2.10		f90d57516ca55813484fcac94d568f5d919ff5ce
es.weso	testsuite_3	0.2.11		2980cc3f11a5cc70ccdfa0c44afeb0abc3cf16c7
es.weso	testsuite_3	0.2.14		442f55b0877b152d6a13c809d8f320a6a77f5c4a
es.weso	testsuite_3	0.2.19		daa60060f0a1a5c5992f04a277559293afc7437f
es.weso	testsuite_3	0.2.2		cea9889a90f79f62ee249191d2f60f4edb3f5144
es.weso	testsuite_3	0.2.20		15e724c01c1b9d3a0563380f75343e6cddfdc66e
es.weso	testsuite_3	0.2.23		fb5c9952e020c1e686adfe62e8231c90666738d7
es.weso	testsuite_3	0.2.24		748e8127e355f397d00fc5af95fccd5d40fdd923
es.weso	testsuite_3	0.2.25		747a4451be2e5fa3b449d2c2842fe474f8a89c5e
es.weso	testsuite_3	0.2.3		02b45633eaed9775c11890efddd82f31039be21f
es.weso	testsuite_3	0.2.4		8f117bb2eedc7b13d8cd7728bb140f39920ca578
fr.cenotelie.commons	commons-lsp	1.0.0		675bf74b923661adde51cca6d85a433a49b7cb6e
fr.cenotelie.commons	commons-lsp	2.0.0		4daed2a5492e1900adf1270b171eb93ac670825d
fr.cenotelie.commons	commons-lsp	2.0.1		4d5330695321c9f82ce33a79eaaa83e478c917e1
fr.cenotelie.commons	commons-lsp	2.1.0		76d87e83bd18d106f22f0b901837fec47adf011a
fr.cenotelie.commons	commons-lsp	2.1.1		c8520a9b897c49fda6949dfbc44a0ba2f5e2e710
fr.cenotelie.commons	commons-lsp	2.2.0		9fbaee8bd0716418dbacd0c3431045309280a1bd
fr.cenotelie.commons	commons-lsp	2.2.1		2cb728addbb9a0efcfb1206b7ffb6d3842977c69
io.apicurio	apicurio-registry-distro-openshift-operator	1.0.2.Final		N/A
io.apicurio	apicurio-registry-distro-openshift-operator	1.1.0.Final		N/A
io.apicurio	apicurio-registry-distro-openshift-operator	1.1.1.Final		N/A
io.apicurio	apicurio-registry-distro-openshift-operator	1.1.2.Final		N/A
io.apicurio	apicurio-registry-distro-openshift-operator	1.2.0.Final		N/A
io.apicurio	apicurio-registry-distro-openshift-operator	1.2.1.Final		N/A
io.dronefleet.mavlink	mavlink	1.0.0		3354dccb456e98c303fc87a97396e1e4e9c7c085
io.dronefleet.mavlink	mavlink	1.0.1		51be72f4e3a0a734a6ea3189d3d4108d78a1ef95
io.dronefleet.mavlink	mavlink	1.0.12		1ec41fe0e7ec80cd75b1df234688ad5ffd811607
io.dronefleet.mavlink	mavlink	1.0.13		e3aebbdec138ea5ed220c8f973d0045773d7376b
io.dronefleet.mavlink	mavlink	1.0.14		ebef27b50b4ef64b7b17bb6f08fb27a165c93ec8
io.dronefleet.mavlink	mavlink	1.0.15		45ae4fa0f29793a23b46e99bb93952f028112d89
io.dronefleet.mavlink	mavlink	1.0.2		1f0ba9941ad94df00c86eca3b317a4bab5d26e82
io.dronefleet.mavlink	mavlink	1.0.3		53631f2c71975ef0f13d2e84baeb2a9d20c110d0
io.dronefleet.mavlink	mavlink	1.0.4		d341cc4cd327d42199494f9a31d7c7f44cb4f49b
io.dronefleet.mavlink	mavlink	1.0.5		15028dbc1a5a472e86b5d84e4fae1809361cf010
io.dronefleet.mavlink	mavlink	1.0.6		b0ef4446e838d2f7a7742ba4ad973977e9e6a262
io.dronefleet.mavlink	mavlink	1.0.7		b64c0202e4ac8c31714e6f53fe2f5860456f92c1
io.dronefleet.mavlink	mavlink	1.0.8		89424a3d84cae71875c948a6ad6a53416080d888
io.dronefleet.mavlink	mavlink	1.0.9		91d13e7050a7ea36cfcb2693fabe8ea2f9bbd3b6
io.dronefleet.mavlink	mavlink	1.1.0		03963491b5b855e8edd4fad896bc7e3cf9fa3621
io.dronefleet.mavlink	mavlink	1.1.1		120e2ad24679061528148f972c1678d5a73da037
io.dronefleet.mavlink	mavlink	1.1.11		3150e4b1735a8aaf0ec41dc7e4e27dff0ebe6b0a
io.dronefleet.mavlink	mavlink	1.1.2		3ca14684c78f8e318f5e8b7ac0e13c687ef59c5a
io.dronefleet.mavlink	mavlink	1.1.3		59aacad6797d4313d7b985e1d98c2b78bbfd6737
io.dronefleet.mavlink	mavlink	1.1.4		7ec922913849a1aa1b60b9f08452f42216257ab2
io.dronefleet.mavlink	mavlink	1.1.5		49ddbe37decdfd90862deaeb10654e70f7f69d73
io.dronefleet.mavlink	mavlink	1.1.6		3e1b75b79973f643c76ee84b4319be8c3ffb68c4
io.dronefleet.mavlink	mavlink	1.1.7		0e4f44c3310e69f758ae1de17a7ec4965febb53c
io.dronefleet.mavlink	mavlink	1.1.8		aa6f936b31ac1804e92ba0e6a73c7b8573c973b3
io.dronefleet.mavlink	mavlink	1.1.9		7d7cf0fe269ea90d2a2e6171f547fdebcabd3c6a
io.github.hanjunkwon	taboo-ui-core	0.0.1		N/A
io.github.hanjunkwon	taboo-ui-core	0.0.2		N/A
io.github.hanjunkwon	taboo-ui-core	0.0.3		N/A
io.github.hanjunkwon	taboo-ui-core	0.0.4		N/A
io.github.hanjunkwon	taboo-ui-core	0.0.5		N/A
io.github.hanjunkwon	taboo-ui-core	0.0.6		N/A
io.github.hanjunkwon	taboo-ui-core	0.0.7		N/A
io.github.hanjunkwon	taboo-ui-core	0.0.8		N/A
io.github.hanjunkwon	taboo-ui-core	0.0.9		N/A
io.github.milkdrinkers	threadutil-sponge7	1.2.0		8b809f3b97b219960c86eda494ca444fcbe0e640
io.github.mjcro	mosaic	1.0.0		a23149e93abd7b6f03aa5ea8395ba4f789fe4d91
io.github.mjcro	mosaic	1.0.1		eeaac4f21b3779860b9c0d31b176aa06e6434dc8
io.github.mjcro	mosaic	1.0.2		300816d7f0cd817914a8112ca755abd91ee3e9e5
io.github.mjcro	mosaic	1.0.3		02a62c5ef4c02563b29e924df17b9ec41f0f1062
io.github.mjcro	mosaic	1.0.4		8952ab44ae3f14e822982f27d75360953cf6e10d
io.github.mjcro	mosaic	1.0.5		837411d455964252d62ff5c8e2b443aa04165424
io.github.mjcro	mosaic	1.0.6		2944ab4ce4124f9dc5c0566030d7b857d34eb713
io.github.mjcro	mosaic	1.0.7		b4cd7cdce344168f0757673feac38ff2ce705c64
io.github.mjcro	mosaic	1.1.0		fe5f4b482e60c79ffe3e7734a90c9c0a5f79bfb2
io.github.projectunified	uni-hologram	3.0.0		N/A
io.github.projectunified	uni-hologram	3.0.1		N/A
io.github.projectunified	uni-hologram	3.0.2		N/A
io.github.projectunified	uni-hologram	3.1.0		N/A
io.github.shuigedeng	taotao-cloud-starter-ip2region	1999.10		e66feb7ac397c321f3ef181a8894180c27eb037a
io.github.shuigedeng	taotao-cloud-starter-ip2region	2021.12		636284f9ffae81d57b2d4f957ab76207b7121dc7
io.github.shuigedeng	taotao-cloud-starter-ip2region	2022.01		3068ab9fcebf71c52f5b325cc2c962e0499a6b4e
io.github.shuigedeng	taotao-cloud-starter-ip2region	2022.02		bc905b90d9b57fdcb139d42ab2fbb049d92948b3
io.github.shuigedeng	taotao-cloud-starter-ip2region	2022.03		b55ee64791673bd9c89f96f6822f221b8c2fc608
io.github.shuigedeng	taotao-cloud-starter-ip2region	2022.04		cde45e1a22f4ced7b8fd6a5aba55cf6b28a3d32e
io.github.shuigedeng	taotao-cloud-starter-ip2region	2022.05		80060c104a1b550a4fe69696211cf66045c0db40
io.github.shuigedeng	taotao-cloud-starter-ip2region	2022.06		1ca0307c291bc89dcc7789dff9647cb08d1f1b14
io.github.shuigedeng	taotao-cloud-starter-ip2region	2022.07		31ca8273199666a0f8e165eb340bc3221740a073
io.github.shuigedeng	taotao-cloud-starter-ip2region	2022.08		426aa401af950da3ee569ddbb66b820147d68f60
io.github.shuigedeng	taotao-cloud-starter-ip2region	2022.09		4dd3409d02a0909b0d406ea27fc35d008dfb88a1
io.github.shuigedeng	taotao-cloud-starter-ip2region	2022.10		65180727134e7968f12c15e1f3fcd1b3940b62d7
io.github.shuigedeng	taotao-cloud-starter-ip2region	2022.11		6ed3633d8b8af26be530d9566a8f456ac7048b75
io.github.shuigedeng	taotao-cloud-starter-ip2region	2022.12		e860277d95d8b786364023b35cd526953a16849d
io.github.shuigedeng	taotao-cloud-starter-ip2region	2023.02		77b0b9ee81ce7a7c83370d8e30e797dbc41e6a54
io.github.shuigedeng	taotao-cloud-starter-ip2region	2023.03		85365c6a119056a48fed5a0a1d06db005f225840
io.github.shuigedeng	taotao-cloud-starter-ip2region	2023.04		062f2b17faa3e246dddee2db2014534c4749fd78
io.github.shuigedeng	taotao-cloud-starter-ip2region	2023.05		42b0f91fed61959b0dd16f8e13c24e0907192f62
io.github.shuigedeng	taotao-cloud-starter-ip2region	2023.06		59791a877fae29593923076539d3783297f39b90
io.github.shuigedeng	taotao-cloud-starter-ip2region	2023.07		02b0c6f317dfca30f55e48cfccf9bab6f08967bb
io.github.shuigedeng	taotao-cloud-starter-ip2region	2023.08		d364630833ac44dee91fce2fa6b7df0cbb9e040d
io.github.shuigedeng	taotao-cloud-starter-ip2region	2023.09		6b59403cf656fe0719ec5745d781933a3f17d0d7
io.github.shuigedeng	taotao-cloud-starter-ip2region	2023.10		44f04b7e8b65e4750b0e73ab137ad266dff2b123
io.github.shuigedeng	taotao-cloud-starter-ip2region	2023.11		768588a04ca7abf36fe950b72643fc2ad2c3cb4c
io.github.shuigedeng	taotao-cloud-starter-ip2region	2023.12		9fd700d3e4d40be2b511c6074d7b16b69c71785d
io.github.shuigedeng	taotao-cloud-starter-ip2region	2023.2.01		fb339c22a1788055c8a997cc82150f778858812c
io.github.shuigedeng	taotao-cloud-starter-ip2region	2023.3.01		9685829cbcaf5b643301e252322bc30a81df2519
io.github.shuigedeng	taotao-cloud-starter-ip2region	2024.01		91f9b0ea5f3f4c1855e945228a6f1ad77a6d810c
io.github.shuigedeng	taotao-cloud-starter-ip2region	2024.02		7623e3a4c491dafe9fc92f92bc94c8d844b311ca
io.github.shuigedeng	taotao-cloud-starter-ip2region	2024.03		f9cd27720949372d28a5b3ae3511d278e951f5e9
io.github.shuigedeng	taotao-cloud-starter-ip2region	2024.04		bda826b4afa61ca8328564ec6009a151320e300f
io.github.shuigedeng	taotao-cloud-starter-ip2region	2024.05		8c1224f8512ec4f303b6b49ec31c658ca231d021
io.github.shuigedeng	taotao-cloud-starter-ip2region	2024.06		6ebdd55338d91c54d7b4a01a0f25040eeea7217f
io.github.shuigedeng	taotao-cloud-starter-ip2region	2024.07		45564c177b8eefb731590ad9ba5f0f27360d3cc2
io.github.shuigedeng	taotao-cloud-starter-ip2region	2024.08		361213308dee5adc7f98b7cac0c492d95983404a
io.github.shuigedeng	taotao-cloud-starter-ip2region	2024.09		7f8e790e5473e1198884e51cbfa0e6e84bf704f9
io.nemesis.platform.module.geolocation	nemesis-module-commongeolocation	2.3.19.RELEASE		f73ed4f09b52ad39ea687171849af282449241d1
io.nemesis.platform.module.geolocation	nemesis-module-commongeolocation	2.3.20.RELEASE		c924882841b38c2eb2d1500bdff930dfae248928
io.opentelemetry.instrumentation	opentelemetry-aws-sdk-2.2-autoconfigure	1.10.0-alpha		567e0713c6ade13369f08fd2173bd62e7596d9fa
io.opentelemetry.instrumentation	opentelemetry-aws-sdk-2.2-autoconfigure	1.10.1-alpha		f259dd4578bfb854bd19c3f2e6e2165ffd95a22e
io.opentelemetry.instrumentation	opentelemetry-aws-sdk-2.2-autoconfigure	1.11.0-alpha		d11d16de2e286e9c61f9b628a6614275a2c7a9a2
io.opentelemetry.instrumentation	opentelemetry-aws-sdk-2.2-autoconfigure	1.11.1-alpha		8cd6e6f10acf3cf5f3869b978e63407949798c1b
io.opentelemetry.instrumentation	opentelemetry-aws-sdk-2.2-autoconfigure	1.12.0-alpha		cba86d6a31e8316322bbd1f968265c476a253781
io.opentelemetry.instrumentation	opentelemetry-aws-sdk-2.2-autoconfigure	1.12.1-alpha		742567a8b5fbb6c98cd770d33307507175621e3f
io.opentelemetry.instrumentation	opentelemetry-aws-sdk-2.2-autoconfigure	1.13.0-alpha		f6c543560fd081199768aa43fe56c99751a92453
io.opentelemetry.instrumentation	opentelemetry-aws-sdk-2.2-autoconfigure	1.13.1-alpha		a0a4c8ae353c998d0276b88d8c1fc6ee122736f9
io.opentelemetry.instrumentation	opentelemetry-aws-sdk-2.2-autoconfigure	1.14.0-alpha		0a3db6c1490f6ba9fd22a5058f00cb6dcb11be86
io.opentelemetry.instrumentation	opentelemetry-aws-sdk-2.2-autoconfigure	1.15.0-alpha		c13027489363208a10f26ba60043a05367275b38
io.opentelemetry.instrumentation	opentelemetry-aws-sdk-2.2-autoconfigure	1.16.0-alpha		25658357b87923b4fe35a13b0d4b795b045cba05
io.opentelemetry.instrumentation	opentelemetry-aws-sdk-2.2-autoconfigure	1.17.0-alpha		cd7ac517baa80853b6e0c5dcdc2c179882c346bc
io.opentelemetry.instrumentation	opentelemetry-aws-sdk-2.2-autoconfigure	1.18.0-alpha		b304fd3b34b69b9428261862b26f57202e9a36f9
io.opentelemetry.instrumentation	opentelemetry-aws-sdk-2.2-autoconfigure	1.19.0-alpha		23f6d6736a61f23aafa82f9e930d06799282662d
io.opentelemetry.instrumentation	opentelemetry-aws-sdk-2.2-autoconfigure	1.19.1-alpha		f7babc679595e0eb6ab715f1b1da78c03572429c
io.opentelemetry.instrumentation	opentelemetry-aws-sdk-2.2-autoconfigure	1.19.2-alpha		cfc5a1aeee35d1fc8b2daf54f12fadcf9dc82945
io.opentelemetry.instrumentation	opentelemetry-aws-sdk-2.2-autoconfigure	1.20.0-alpha		47756d3f90db572ab0833ce0fbfd63fb5b8e743b
io.opentelemetry.instrumentation	opentelemetry-aws-sdk-2.2-autoconfigure	1.20.1-alpha		30c6cff49f3b1d5798bede91a5be1895cc463aa5
io.opentelemetry.instrumentation	opentelemetry-aws-sdk-2.2-autoconfigure	1.20.2-alpha		d3f6d886f1ec82979a44d906d23bd6b3a3eb3c93
io.opentelemetry.instrumentation	opentelemetry-aws-sdk-2.2-autoconfigure	1.21.0-alpha		d522ddcb55c0ee6d3b8bce4d204a3ae2aa75018c
io.opentelemetry.instrumentation	opentelemetry-aws-sdk-2.2-autoconfigure	1.22.0-alpha		c813fc78bfebe0aa578124925c4d1528f5d2fd49
io.opentelemetry.instrumentation	opentelemetry-aws-sdk-2.2-autoconfigure	1.22.1-alpha		2d08ba116cdcf2be5d326967d15086842137fa7a
io.opentelemetry.instrumentation	opentelemetry-aws-sdk-2.2-autoconfigure	1.23.0-alpha		756760185fe8706a25238a692b9d49c4aeef91cc
io.opentelemetry.instrumentation	opentelemetry-aws-sdk-2.2-autoconfigure	1.24.0-alpha		d4dd32718386930694a411324cfa68c8d531beab
io.opentelemetry.instrumentation	opentelemetry-aws-sdk-2.2-autoconfigure	1.25.0-alpha		ef0d880a45eec0722518a82d2bc76faf477eab97
io.opentelemetry.instrumentation	opentelemetry-aws-sdk-2.2-autoconfigure	1.25.1-alpha		40acc06cb55d844bb0e5bb39a10d227b27dce594
io.opentelemetry.instrumentation	opentelemetry-aws-sdk-2.2-autoconfigure	1.26.0-alpha		bee62994307d5a0635b3f06535a3bda2dd49a351
io.opentelemetry.instrumentation	opentelemetry-aws-sdk-2.2-autoconfigure	1.27.0-alpha		f337290abb5ddd4745486ea956c230956bc46de4
io.opentelemetry.instrumentation	opentelemetry-aws-sdk-2.2-autoconfigure	1.28.0-alpha		3eac5751a088e44a90570bdeec22f2d356f19340
io.opentelemetry.instrumentation	opentelemetry-aws-sdk-2.2-autoconfigure	1.29.0-alpha		1db7ae5a6f46729b92c4d3c94632c177e1a6dc66
io.opentelemetry.instrumentation	opentelemetry-aws-sdk-2.2-autoconfigure	1.30.0-alpha		7ee1872c98219cc1bcec0b5d7ffb825bce284898
io.opentelemetry.instrumentation	opentelemetry-aws-sdk-2.2-autoconfigure	1.31.0-alpha		6a267f4b6bee2c0673020c931704695f9080e66c
io.opentelemetry.instrumentation	opentelemetry-aws-sdk-2.2-autoconfigure	1.32.0-alpha		94f66d586040deefa76921d1e6f81bcd9e1c7639
io.opentelemetry.instrumentation	opentelemetry-aws-sdk-2.2-autoconfigure	1.32.1-alpha		e57a96aec40b52439c7c291c803295549ceb710a
io.opentelemetry.instrumentation	opentelemetry-aws-sdk-2.2-autoconfigure	1.33.0-alpha		a0b2c8fe113ef91c17f2c6f82ded641ec1ecfcbd
io.opentelemetry.instrumentation	opentelemetry-aws-sdk-2.2-autoconfigure	1.33.1-alpha		46782b98633121ef60f84e97867ff910c15ea381
io.opentelemetry.instrumentation	opentelemetry-aws-sdk-2.2-autoconfigure	1.33.2-alpha		3d83a34a82686a42e498d742fe37312374084f05
io.opentelemetry.instrumentation	opentelemetry-aws-sdk-2.2-autoconfigure	1.33.3-alpha		f658757d13370a862d5f4d3a28ab83bee0231870
io.opentelemetry.instrumentation	opentelemetry-aws-sdk-2.2-autoconfigure	1.33.4-alpha		8f3a1dac53c1fe7e181b56b2d55c605109434be0
io.opentelemetry.instrumentation	opentelemetry-aws-sdk-2.2-autoconfigure	1.33.5-alpha		7ad542e974fdca1e1dd37697fbfc462feca1a356
io.opentelemetry.instrumentation	opentelemetry-aws-sdk-2.2-autoconfigure	1.33.6-alpha		47ae6a956d6693150eb4619f4d45dde868426969
io.opentelemetry.instrumentation	opentelemetry-aws-sdk-2.2-autoconfigure	1.9.0-alpha		625858dc4bc415619381471fed3c725a747cf070
io.opentelemetry.instrumentation	opentelemetry-aws-sdk-2.2-autoconfigure	1.9.1-alpha		1f16040fff85580d327ce43496810018fa69d6c4
io.opentelemetry.instrumentation	opentelemetry-aws-sdk-2.2-autoconfigure	1.9.2-alpha		b3c264b2aecfa744aa1013f196cf60b8de80c642
io.opentelemetry.instrumentation	opentelemetry-aws-sdk-2.2-autoconfigure	2.0.0-alpha		23154b8748914de5308300ebbe089b41e49e7825
io.opentelemetry.instrumentation	opentelemetry-aws-sdk-2.2-autoconfigure	2.1.0-alpha		bf4dd94eecbbeab75abb7d5d3b1844dcc24220aa
io.opentelemetry.instrumentation	opentelemetry-aws-sdk-2.2-autoconfigure	2.10.0-alpha		bcc4a466e0233fe5a4d5c1bfa68c6106b652c477
io.opentelemetry.instrumentation	opentelemetry-aws-sdk-2.2-autoconfigure	2.11.0-alpha		54b557c3d35956ee0333faa3b4c34c86746076f6
io.opentelemetry.instrumentation	opentelemetry-aws-sdk-2.2-autoconfigure	2.12.0-alpha		2a925fe5d2b98e53222ac446a2f1d1046040a182
io.opentelemetry.instrumentation	opentelemetry-aws-sdk-2.2-autoconfigure	2.13.0-alpha		d0f041cb8bf9b024d06958013d69cf30b3c6d727
io.opentelemetry.instrumentation	opentelemetry-aws-sdk-2.2-autoconfigure	2.13.1-alpha		701a582595fc82a4f3961519d8c0cc35538ccc62
io.opentelemetry.instrumentation	opentelemetry-aws-sdk-2.2-autoconfigure	2.13.2-alpha		59e5d9e7f353442b17dc38cb93b79e3ef06510b0
io.opentelemetry.instrumentation	opentelemetry-aws-sdk-2.2-autoconfigure	2.13.3-alpha		e6edb59f72a64e8cb9ee72d671c508eed6136932
io.opentelemetry.instrumentation	opentelemetry-aws-sdk-2.2-autoconfigure	2.14.0-alpha		16c14631b655c9a15b1a99441690ca5ba7108c07
io.opentelemetry.instrumentation	opentelemetry-aws-sdk-2.2-autoconfigure	2.15.0-alpha		913daeb46c6fbed44f16d2287c6ef0f54904d326
io.opentelemetry.instrumentation	opentelemetry-aws-sdk-2.2-autoconfigure	2.16.0-alpha		879a29e46debe799e2d8bd180b12fae48c05b946
io.opentelemetry.instrumentation	opentelemetry-aws-sdk-2.2-autoconfigure	2.2.0-alpha		c81e0f54257fa3543455d53c4b3d9da62a175eac
io.opentelemetry.instrumentation	opentelemetry-aws-sdk-2.2-autoconfigure	2.3.0-alpha		51c4845e732de28ec3e68ee0ddc8165d6e5bc994
io.opentelemetry.instrumentation	opentelemetry-aws-sdk-2.2-autoconfigure	2.4.0-alpha		7066c8df735c0f243b6fe8f3d3092dca40b7e4fa
io.opentelemetry.instrumentation	opentelemetry-aws-sdk-2.2-autoconfigure	2.5.0-alpha		b602067600280c9dc8033abe2fb01b1fbaba0192
io.opentelemetry.instrumentation	opentelemetry-aws-sdk-2.2-autoconfigure	2.6.0-alpha		e0ca09b02565bfb3ff79f78b0ef52a3f7ed47387
io.opentelemetry.instrumentation	opentelemetry-aws-sdk-2.2-autoconfigure	2.7.0-alpha		98ba6ce3f868307060ff12ac770cd9d46e0f5190
io.opentelemetry.instrumentation	opentelemetry-aws-sdk-2.2-autoconfigure	2.8.0-alpha		f4ba9c09a1849c33880c511689b848d1a5dd8f05
io.opentelemetry.instrumentation	opentelemetry-aws-sdk-2.2-autoconfigure	2.9.0-alpha		d724e512818403e12419ea222910aaa58f4ed243
io.privy	kmp-client-analytics-id-impl-iossimulatorarm64	0.0.1		N/A
io.privy	kmp-client-analytics-id-impl-iossimulatorarm64	0.0.1	metadata	18f1c4529d3f2bdb19ede9fc11cf9a3e30a20792
io.privy	kmp-client-analytics-id-impl-iossimulatorarm64	0.0.2		N/A
io.privy	kmp-client-analytics-id-impl-iossimulatorarm64	0.0.2	metadata	a509018d2d97e90fc18eb8afea7de9840318510c
io.privy	kmp-client-analytics-id-impl-iossimulatorarm64	0.0.3		N/A
io.privy	kmp-client-analytics-id-impl-iossimulatorarm64	0.0.3	metadata	ba1877c039d6e069a90c7d595ee1426289d6eeb6
io.privy	kmp-client-analytics-id-impl-iossimulatorarm64	0.0.4		N/A
io.privy	kmp-client-analytics-id-impl-iossimulatorarm64	0.0.4	metadata	0c772c0e557bc90c3b618d24c8782ff471b6658e
io.privy	kmp-client-analytics-id-impl-iossimulatorarm64	0.0.5		N/A
io.privy	kmp-client-analytics-id-impl-iossimulatorarm64	0.0.5	metadata	222df83edf8981c5c7221e3c1f44a0beba611e3d
io.privy	kmp-client-analytics-id-impl-iossimulatorarm64	0.0.6		N/A
io.privy	kmp-client-analytics-id-impl-iossimulatorarm64	0.0.6	metadata	7cd95df9c7e83fe0c1953cfb8b3aec7c5f0fe8c5
io.privy	kmp-client-analytics-id-impl-iossimulatorarm64	0.0.7		N/A
io.privy	kmp-client-analytics-id-impl-iossimulatorarm64	0.0.7	metadata	0217b446a6dedaf6a995ed87bc6affb699e72b78
io.privy	kmp-client-analytics-id-impl-iossimulatorarm64	0.0.8		N/A
io.privy	kmp-client-analytics-id-impl-iossimulatorarm64	0.0.8	metadata	dd2a20f7e99d93f7070d6c843e088837b855b879
io.privy	kmp-client-analytics-id-impl-iossimulatorarm64	0.0.9-beta1		N/A
io.privy	kmp-client-analytics-id-impl-iossimulatorarm64	0.0.9-beta1	metadata	3dcc79d17ac87d1577d69ff383d67c8eee2f698d
io.privy	kmp-client-analytics-id-impl-iossimulatorarm64	0.0.9-beta2		N/A
io.privy	kmp-client-analytics-id-impl-iossimulatorarm64	0.0.9-beta2	metadata	56e8746da0b510601672c41d74e2d7bc5b09c903
is.leap.android	np-core-sdk	1.0.0		N/A
is.leap.android	np-core-sdk	1.0.1		N/A
is.leap.android	np-core-sdk	1.0.11		N/A
is.leap.android	np-core-sdk	1.0.3		N/A
is.leap.android	np-core-sdk	1.0.5		N/A
is.leap.android	np-core-sdk	1.0.6		N/A
is.leap.android	np-core-sdk	1.0.7		N/A
is.leap.android	np-core-sdk	1.0.8		N/A
is.leap.android	np-core-sdk	1.0.9		N/A
it.revarmygaming.ragcore	bungeecord-api	2.0		2dce96212c5974dffad353cf0d4cc63a9e478d2e
it.revarmygaming.ragcore	bungeecord-api	2.1		6af0c4e237c92e17a2e20e50356d07307151e3d4
media.kamel	kamel-mapper-resources-id-android-android	1.0.0		N/A
media.kamel	kamel-mapper-resources-id-android-android	1.0.0-beta.1		N/A
media.kamel	kamel-mapper-resources-id-android-android	1.0.0-beta.2		N/A
media.kamel	kamel-mapper-resources-id-android-android	1.0.0-beta.3		N/A
media.kamel	kamel-mapper-resources-id-android-android	1.0.0-beta.4		N/A
media.kamel	kamel-mapper-resources-id-android-android	1.0.0-beta.5		N/A
media.kamel	kamel-mapper-resources-id-android-android	1.0.0-beta.6		N/A
media.kamel	kamel-mapper-resources-id-android-android	1.0.0-beta.7		N/A
media.kamel	kamel-mapper-resources-id-android-android	1.0.1		N/A
media.kamel	kamel-mapper-resources-id-android-android	1.0.2		N/A
media.kamel	kamel-mapper-resources-id-android-android	1.0.3		N/A
net.awired.jscoverage	jscoverage-sample	0.2		N/A
net.java.dev.faces-chain	faces-chain	1.0.0		a278d75fa2f3d599e47184707e3e8311b2b223a8
net.java.dev.faces-chain	faces-chain	1.0.0-rc1		f69c5fe4e3a2fa5d581d4ae80c3d725039b2adb4
net.java.dev.faces-chain	faces-chain	1.1.0		7c4d111c3a765073aa7dbb67f821f765be274274
net.java.dev.faces-chain	faces-chain	1.1.1		e3024b5ad28d89f79c72ca3ec1ac650ec13d9506
net.officefloor.plugin	officeplugin_jms	1.0.1		b0f59852053ec5f002a4ddd649bfa4b7d6e869ef
net.officefloor.plugin	officeplugin_jms	1.1.0		e291fadfd81c747efd63a7fdf619b1c4bc5dbbbb
net.officefloor.plugin	officeplugin_jms	1.2.0		a16e5e4423d6d033d5f0b6c1fa298638d738b7c9
net.officefloor.plugin	officeplugin_jms	1.3.0		2f6c2b3603c0f20b0955e94c2c5932c6cdd51e33
net.officefloor.plugin	officeplugin_jms	1.4.0		13db429488b6b1d43c9fa30e5b72b817ba5009c1
net.officefloor.plugin	officeplugin_jms	2.0.0		a379b3be6dc64363bd169d35d324108adeb75671
net.officefloor.plugin	officeplugin_jms	2.1.0		0258a75e7ad8f20f3d5659730479df325eccdfbd
net.officefloor.plugin	officeplugin_jms	2.10.0		8694fd0c891500f9208c0deda526693d15afea88
net.officefloor.plugin	officeplugin_jms	2.11.0		561f6a0e1961098ddc86f3b2180317b6eedaa66f
net.officefloor.plugin	officeplugin_jms	2.12.0		2df5c1935b4c3ffd7c01f1931689a0a9e24cd16c
net.officefloor.plugin	officeplugin_jms	2.13.0		b93993a254948f0a20668fb0941c6a727034cd36
net.officefloor.plugin	officeplugin_jms	2.14.0		dc11e6694a4d610a393e3179283f91b881e3ca4d
net.officefloor.plugin	officeplugin_jms	2.15.0		e4ec46ca0f56eb97e83759f3f01f9fce8fb04145
net.officefloor.plugin	officeplugin_jms	2.16.0		ba107b9c5e0a9108c549527c9448e1acdb1c9af2
net.officefloor.plugin	officeplugin_jms	2.18.0		d211aed332baa9a657e619134a760e36e9a03881
net.officefloor.plugin	officeplugin_jms	2.2.0		99b820aa10eed3c92fdae69147821ef3f3460617
net.officefloor.plugin	officeplugin_jms	2.3.0		e20069093bb492890ee622255e444487345ac86f
net.officefloor.plugin	officeplugin_jms	2.4.0		20996d4e2c9b3c004ea17e1573f059318c1855bf
net.officefloor.plugin	officeplugin_jms	2.5.0		07222cfb441f45921467370b293f828958283515
net.officefloor.plugin	officeplugin_jms	2.6.0		2c2475770673f6aa6aa2a7237e043c0e103f5bd5
net.officefloor.plugin	officeplugin_jms	2.7.0		b74bcc0d1406b2e4fcfabad08111bad2958bfab1
net.officefloor.plugin	officeplugin_jms	2.8.0		89df16117aa9fdfe6a621cb1737d69a076e5eb00
net.officefloor.plugin	officeplugin_jms	2.9.0		ad9963ca942766945eb6b4896535ea44bf2c10e6
org.andromda.profiles.uml14	andromda-profiles-uml14	3.2		N/A
org.andromda.profiles.uml14	andromda-profiles-uml14	3.3		N/A
org.andromda.profiles.uml14	andromda-profiles-uml14	3.4		N/A
org.apache.servicemix	service-engines	2010.02		N/A
org.apache.servicemix	service-engines	2011.01		N/A
org.apache.servicemix	service-engines	2011.02		N/A
org.apache.servicemix	service-engines	2011.02.1		N/A
org.apache.servicemix	service-engines	2013.01		N/A
org.apache.systemml	systemml	0.10.0-incubating		2403960fa1172ce7226e345249717526896c0719
org.apache.systemml	systemml	0.10.0-incubating	standalone	b7037ff0a159d27248f7ac3075fbe02193509ab3
org.apache.systemml	systemml	0.11.0-incubating		f6c42465baa8abbc6ab423e8150e764e6998f518
org.apache.systemml	systemml	0.12.0-incubating		7edfaea36acd2e01c3e065e000030fdabb618ee4
org.apache.systemml	systemml	0.13.0-incubating		3bdf7a50eecf97855fa8fca3140c43dcda9e3d7c
org.apache.systemml	systemml	0.14.0-incubating		139e0a8d9346b124bfaea54bf58277bcbbe109da
org.apache.systemml	systemml	0.15.0		aa6ae8013d945e5c56dd3078ea3619f7219b98d1
org.apache.systemml	systemml	0.15.0	extra	c19b645af7cf2bac8cdbe7b548446df9e2fac310
org.apache.systemml	systemml	0.9.0-incubating		1bf0626b48db3c18fe641b8e08788a59f6bdd56c
org.apache.systemml	systemml	0.9.0-incubating	standalone	8ebd77daba637c75c72f0230d79163fb4d048f89
org.apache.systemml	systemml	1.0.0		842df1a920522bf34a722744371b2c516a02b081
org.apache.systemml	systemml	1.0.0	extra	7768c92bcc873b36f499217f9137766e587eccc0
org.apache.systemml	systemml	1.0.0	lite	67657b80bf4b35f2749b63be2c062cb717e90af4
org.apache.systemml	systemml	1.1.0		fc2e3d53e8fe1078794539726ec5ff870385c1e9
org.apache.systemml	systemml	1.1.0	extra	28a1d5417c39d8bc450277045a1bb0e67da06d45
org.apache.systemml	systemml	1.1.0	lite	25261d075b439162b17953a27bb7ae87c37df992
org.apache.systemml	systemml	1.2.0		33587a811d9d9c5a0c565732ae8630aa1b67e59d
org.apache.systemml	systemml	1.2.0	extra	9bb0b1d651201b0c89e016d2307d4ff81e7f0013
org.apache.systemml	systemml	1.2.0	lite	33f9b3a2a387c68af5eed5904426b0f64a2d6a66
org.coursera.courier	courier-sbt-plugin_2.10	0.0.1		844b923cae715024ced30ac0f1e2cf36c3c85401
org.danbrough.sqldelight	runtime-mingwx86	2.0.0-alpha03		N/A
org.danbrough.sqldelight	runtime-mingwx86	2.0.0-alpha04		N/A
org.eclipse.dirigible	dirigible-components-ui-view-jobs	10.6.45		e7a9e483352b633df12c1756783fa6714a65717c
org.eclipse.dirigible	dirigible-components-ui-view-jobs	10.6.47		032e851802b73ec124aaae25046c4d2e2e4ab6b9
org.eclipse.dirigible	dirigible-components-ui-view-jobs	10.6.48		c051f90c2d44e124d0215af3108b5a9c8a3514c6
org.eclipse.dirigible	dirigible-components-ui-view-jobs	10.6.50		7e9ad4b8d8552070ca0c1042677734fb78d58b04
org.eclipse.dirigible	dirigible-components-ui-view-jobs	11.1.0		73d2da8ae15ee68e3312439b13c8aabd0e075d1e
org.eclipse.dirigible	dirigible-components-ui-view-jobs	11.1.1		dc37346d6ac18d02840c15ac3eb571eb21f61589
org.eclipse.dirigible	dirigible-components-ui-view-jobs	11.11.0		23cd91a1588204c05308579ecf4972b20065eef5
org.eclipse.dirigible	dirigible-components-ui-view-jobs	11.12.0		93677fe2f6651b2cc6996246380fe7cc04512efd
org.eclipse.dirigible	dirigible-components-ui-view-jobs	11.13.0		6ff9e77d7213388a37d5be3cfb534caa7c7a4df6
org.eclipse.dirigible	dirigible-components-ui-view-jobs	11.14.0		815c2e437d3344e429fc8582c956d47e4cd6effc
org.eclipse.dirigible	dirigible-components-ui-view-jobs	11.15.0		45ab84a6aceb4b7cfc2bdf339a95f3a5f3256555
org.eclipse.dirigible	dirigible-components-ui-view-jobs	11.16.0		d6914b3b7ddaf593322246124fc85aeeb8609c14
org.eclipse.dirigible	dirigible-components-ui-view-jobs	11.17.0		109493b35b0ebef8b58df0e25c2ca8d02a8b085c
org.eclipse.dirigible	dirigible-components-ui-view-jobs	11.18.0		80f944b9c7cd47536ec4d10dc49fdb134bcf821a
org.eclipse.dirigible	dirigible-components-ui-view-jobs	11.19.0		373fdb5c26a9ed833ed4f1ea651375c7c71547f4
org.eclipse.dirigible	dirigible-components-ui-view-jobs	11.2.0		8756fc10f163bb06026ae1b8a373ab0257b564d6
org.eclipse.dirigible	dirigible-components-ui-view-jobs	11.2.1		572161236684c828d369d7eefb30895b0ab75e08
org.eclipse.dirigible	dirigible-components-ui-view-jobs	11.2.3		caac6b1fbba82a772983305749376786f133d516
org.eclipse.dirigible	dirigible-components-ui-view-jobs	11.2.4		72331c302aca37dc0a76b6fbfdcd9f828d9ca83a
org.eclipse.dirigible	dirigible-components-ui-view-jobs	11.2.5		3283dfcb1d8665e4c6a02cb8f407a397b22e2515
org.eclipse.dirigible	dirigible-components-ui-view-jobs	11.2.6		32ab77d2ffde3754768a8339bb2dd232bb81b24c
org.eclipse.dirigible	dirigible-components-ui-view-jobs	11.20.0		316d15c1c2e9d5f9c3643dcf4de97ccbbe7ea659
org.eclipse.dirigible	dirigible-components-ui-view-jobs	11.22.0		23813629daa7c1453ce5dd0ac01dc0ccef5343dc
org.eclipse.dirigible	dirigible-components-ui-view-jobs	11.23.0		cb55c1208c7625114ca3a11d7d1699c8be868b42
org.eclipse.dirigible	dirigible-components-ui-view-jobs	11.24.0		d94d5e754fa01af6064780bfd240f1629c08b378
org.eclipse.dirigible	dirigible-components-ui-view-jobs	11.25.0		073a096d28523a31e3a2a71e716e47b62a5fdd56
org.eclipse.dirigible	dirigible-components-ui-view-jobs	11.26.0		75a921c306ea4166f45b7980f3ddbd6c9a393849
org.eclipse.dirigible	dirigible-components-ui-view-jobs	11.27.0		d710156adae17418579a665960d6ea6cde4111e3
org.eclipse.dirigible	dirigible-components-ui-view-jobs	11.28.0		52b0c01161ba82a01b98677031ccbdc49efdf603
org.eclipse.dirigible	dirigible-components-ui-view-jobs	11.29.0		cefec527f6931d679d4f2f1ab4782d97c8ce4c22
org.eclipse.dirigible	dirigible-components-ui-view-jobs	11.3.0		98426d880c45b5e333f43adc9102f788ecd891a7
org.eclipse.dirigible	dirigible-components-ui-view-jobs	11.30.0		ad163543fce85efe3b211022cd4b6fd4e2429223
org.eclipse.dirigible	dirigible-components-ui-view-jobs	11.31.0		2d70026642d55d5afb006aeb16cd87dddfe5c276
org.eclipse.dirigible	dirigible-components-ui-view-jobs	11.32.0		7b9887f09a871f627fa69ae21b79343eec24f44a
org.eclipse.dirigible	dirigible-components-ui-view-jobs	11.33.0		0c95fd042da457b2fe863058a97932c6ea8f7dbd
org.eclipse.dirigible	dirigible-components-ui-view-jobs	11.34.0		a4e1b4e9b30fcfb46f211f2fdfd75d62572dbd5f
org.eclipse.dirigible	dirigible-components-ui-view-jobs	11.34.1		ed62dedb1134bfe00e3950493ee8fe1582278760
org.eclipse.dirigible	dirigible-components-ui-view-jobs	11.35.0		6ff74627a58846ca05f1cc9aaf3bc358608d202c
org.eclipse.dirigible	dirigible-components-ui-view-jobs	11.37.0		8c6a851ede0723768a894887b523a4a57842470a
org.eclipse.dirigible	dirigible-components-ui-view-jobs	11.38.0		8e10f2f2480efcc22d6a16b454a8b3013d77c60a
org.eclipse.dirigible	dirigible-components-ui-view-jobs	11.39.0		049ed9ddc8ca2d1b90854b03b58becc2b92697e4
org.eclipse.dirigible	dirigible-components-ui-view-jobs	11.4.1		b9914d4235df355a5f3427982ed0d493a24b9473
org.eclipse.dirigible	dirigible-components-ui-view-jobs	11.40.0		79acc2e255c304777aadd6442d2eb9c70df36a30
org.eclipse.dirigible	dirigible-components-ui-view-jobs	11.41.1		c1d6d49677b7355af826e791a0c01499eee67af7
org.eclipse.dirigible	dirigible-components-ui-view-jobs	11.42.0		32d40bb315d2a7b798126277fb0c7078c4bcbe35
org.eclipse.dirigible	dirigible-components-ui-view-jobs	11.43.0		89f118f8821add0993daef5d762e1fc91aa7f24d
org.eclipse.dirigible	dirigible-components-ui-view-jobs	11.44.0		d6f737aee71ad7250c9a7445f655c259044e27ed
org.eclipse.dirigible	dirigible-components-ui-view-jobs	11.45.0		983ab85e9936be6938b198b1514a40e531b73b83
org.eclipse.dirigible	dirigible-components-ui-view-jobs	11.45.1		05ebb9c481b419fee1ccc060be4bad16bbb34f23
org.eclipse.dirigible	dirigible-components-ui-view-jobs	11.45.10		a195959ab8640916ae51b46418e51491d8889882
org.eclipse.dirigible	dirigible-components-ui-view-jobs	11.45.11		5abb180396191ee0349e0bf738bcd6e97362b8fe
org.eclipse.dirigible	dirigible-components-ui-view-jobs	11.45.12		6088595882c9ebd8069a81ef3c8b39bbe09c970a
org.eclipse.dirigible	dirigible-components-ui-view-jobs	11.45.13		602560f862f73d0805ede327b772e09fb92b8c25
org.eclipse.dirigible	dirigible-components-ui-view-jobs	11.45.3		5bb2fead88d18dd75dc3634a20b7682d6e3d1552
org.eclipse.dirigible	dirigible-components-ui-view-jobs	11.45.4		bc7cd1599fb72ac9e1cebf597d5dcc37244833ca
org.eclipse.dirigible	dirigible-components-ui-view-jobs	11.45.5		cb54f6a6afb639a81502ba2b814fbe3355fd002d
org.eclipse.dirigible	dirigible-components-ui-view-jobs	11.45.6		a32b1e92791d3d85c2c94bd7679f62c24eac1f53
org.eclipse.dirigible	dirigible-components-ui-view-jobs	11.45.7		b8ad47f470fcf815f21af2d7de636dbcbdf7e51c
org.eclipse.dirigible	dirigible-components-ui-view-jobs	11.45.8		1c0b032e068e69ef10ef606b4e0ce88f2b00b807
org.eclipse.dirigible	dirigible-components-ui-view-jobs	11.45.9		ec26455aa8162102194a97d879614e1cef665880
org.eclipse.dirigible	dirigible-components-ui-view-jobs	11.5.0		a4e51e807d93f094a4d25091f929f4c386ee2e9d
org.eclipse.dirigible	dirigible-components-ui-view-jobs	11.6.0		3fd3439d5b0fef000cbe050c3d0c0071a7186d4f
org.eclipse.dirigible	dirigible-components-ui-view-jobs	11.6.1		7a3a3ad4171b53a197a78ef08aa8bfc0388c4389
org.eclipse.dirigible	dirigible-components-ui-view-jobs	11.7.0		dffdf36bfacba38c2edf5d5ac3ed5c453c3c6770
org.eclipse.dirigible	dirigible-components-ui-view-jobs	11.8.0		9a3351e1f3b032f80b1578e9f39b01cf68c7c30b
org.eclipse.dirigible	dirigible-components-ui-view-jobs	11.9.0		dddae2f3b50fd56f9b32f9b06cd323f9201d7fc0
org.eclipse.milo	sdk-core	0.1.0		6122a255b91f667f31e0e181c54ade0ea90cdbc3
org.eclipse.milo	sdk-core	0.1.1		f1eecca2fbd793d54b92e6bc73f71102f3e36120
org.eclipse.milo	sdk-core	0.1.2		6790b1e4c33d8b8c5d843b374bccd2c809d286db
org.eclipse.milo	sdk-core	0.1.3		feaa15638b3ff5f06a156e77a43e3e1868517f3a
org.eclipse.milo	sdk-core	0.1.4		490792dc2adc22476ec1cf74f2420a672f253df4
org.eclipse.milo	sdk-core	0.1.5		6f41346b8f42c591cc685e9deb0d40fb50c18937
org.eclipse.milo	sdk-core	0.1.6		dcf93541513c54f948ae71c3e712c2b71c13e995
org.eclipse.milo	sdk-core	0.2.0		2cf5b3464f34c88f08a3990d8baba10cc5dd4467
org.eclipse.milo	sdk-core	0.2.1		bf3859aef337b914e40dca001dbefc7aa95a2617
org.eclipse.milo	sdk-core	0.2.2		07b2660b258a60bec71816a0026c00726afcd1eb
org.eclipse.milo	sdk-core	0.2.3		515c02ff9246f6e4ce2bbada38bec474ae8128bb
org.eclipse.milo	sdk-core	0.2.4		fce5fdc59af3ea48ef18fb299ac598a248dee97d
org.eclipse.milo	sdk-core	0.2.5		cb879b5f80a6838ca88e3e1b16e3671c3beba08c
org.eclipse.milo	sdk-core	0.3.0		ab7380712831e19c92039aa14c0352bef539b1c8
org.eclipse.milo	sdk-core	0.3.0-M1		e845c178bc24e7bcbb49a99a7863988f45430d93
org.eclipse.milo	sdk-core	0.3.1		8fa32ac66d4b2595fd1b2bdece315ea41b9ac0e8
org.eclipse.milo	sdk-core	0.3.1-M1		67c258d2f1e1cf2ace17d69532fa9b4185cff4c3
org.eclipse.milo	sdk-core	0.3.2		46437e286f3c1391fa14c0b236ee73f8d744a13f
org.eclipse.milo	sdk-core	0.3.2-M1		a23cee3ed2d887ecc6df87689783abbbedaeef73
org.eclipse.milo	sdk-core	0.3.3		276cd7c45dd0d51a89408d0a2fff01556ffda6c0
org.eclipse.milo	sdk-core	0.3.3-RC1		34aab55c9288a9f92b129623acdd0ac1cc956078
org.eclipse.milo	sdk-core	0.3.3-RC2		e43898954239959305dd9222e6c2ce9ee0f75e7d
org.eclipse.milo	sdk-core	0.3.3-RC3		9cbe96c011dd6b4b8d85fc49d0a2817cd98eedca
org.eclipse.milo	sdk-core	0.3.4		30ee5b0883506d6ca9ff4ff9a6bd24a4d213cbd5
org.eclipse.milo	sdk-core	0.3.5		308a17c9a63874d36fc8ea7d7d659d6166ca2722
org.eclipse.milo	sdk-core	0.3.6		34cc2908eedcfb68e60ff048b80c51c25cffc6f9
org.eclipse.milo	sdk-core	0.3.7		d4b5b2bb7456081767439736d5877bd05885d9bf
org.eclipse.milo	sdk-core	0.3.8		a714c82ea3844c64b01fbce8bdb81b87f49f2432
org.eclipse.milo	sdk-core	0.4.0		69c63c743e0c089639036481a7751b298dd651ba
org.eclipse.milo	sdk-core	0.4.1		b07e75f292ee2846bcbc990bd5faa5bc2311d48c
org.eclipse.milo	sdk-core	0.4.2		b07ea255ad13b33992e908a9917fb50ff731959f
org.eclipse.milo	sdk-core	0.4.2-M1		9f4809b3539b605fa59a189fc17dc26cf074508e
org.eclipse.milo	sdk-core	0.4.3		3bb235285900dc241cbe4c46fb7b10305df0b2c7
org.eclipse.milo	sdk-core	0.5.0		d2df9acf61f4174d00a0a81debad895bff0a258a
org.eclipse.milo	sdk-core	0.5.0-M1		2b89fbb2794153276201181cd94e320ddfd47f65
org.eclipse.milo	sdk-core	0.5.0-M2		4708e5ee37bc7ddf53dbc14b77719306c28d567d
org.eclipse.milo	sdk-core	0.5.1		32c761802aedb291193934b472e1c82eaa876fad
org.eclipse.milo	sdk-core	0.5.2		93feab14755e021074bff4581e1d75294a54e088
org.eclipse.milo	sdk-core	0.5.3		2b68a0d8ee9d28101e5bc044aecd21f232506b38
org.eclipse.milo	sdk-core	0.5.4		4663e541de7c3372ba3cdeca0c8db140a7c861ff
org.eclipse.milo	sdk-core	0.6.0		1bddc3ae65ca8f9d17a5decdcfd870cb8e9776f4
org.eclipse.milo	sdk-core	0.6.0-M1		a2a7389432af0132a0741b2bdf17edf23080dfbe
org.eclipse.milo	sdk-core	0.6.1		9aea0aeb6ddeea6dd121323e39f5904a1e802790
org.eclipse.milo	sdk-core	0.6.1-M1		9c3920f19a28a07f82ef880df8a5bf68ac448b10
org.eclipse.milo	sdk-core	0.6.10		af32615259e81408a0e45a9662b0cc3d5e80b149
org.eclipse.milo	sdk-core	0.6.11		f747f717e8de9215132eb46c94977cc5b6e6757b
org.eclipse.milo	sdk-core	0.6.12		8f659a998b89c3eefab3dc1066159ecc9f2f6f12
org.eclipse.milo	sdk-core	0.6.13		4c08024a8684260e17e7f92ad1d223097a82363f
org.eclipse.milo	sdk-core	0.6.14		9d6dc57cc76c538aab614398e99c4cef11804e98
org.eclipse.milo	sdk-core	0.6.15		c674257fb82edc6df9822bbecde96aa7c72dc8c5
org.eclipse.milo	sdk-core	0.6.16		08a2e2d059075df636a1ae73378ae0532a9c4a60
org.eclipse.milo	sdk-core	0.6.2		9e67c8c747e6a8924ce95b9a7616c6797b905da2
org.eclipse.milo	sdk-core	0.6.3		d1254742e6eb6e5951b77cd24b17b74357cb14ac
org.eclipse.milo	sdk-core	0.6.4		2e9b2c0a119fecf6351353d0fa89402696c96932
org.eclipse.milo	sdk-core	0.6.5		5b5b4035b03287f56d6423fa9be251788060077e
org.eclipse.milo	sdk-core	0.6.6		183b6541e36cfc9187c94c2b328fc3f396f48b76
org.eclipse.milo	sdk-core	0.6.7		4a80ac32b3303c4570d671c9b5ac2f0e6ede3ea6
org.eclipse.milo	sdk-core	0.6.8		ca595cb65aaeb67f7c31e0b234599baf8eacc65b
org.eclipse.milo	sdk-core	0.6.9		aefb59effc624205f6075ae799eca417fa03fa2b
org.hexworks.cobalt	cobalt.html-js	2020.0.12-RELEASE		cd6c1a3413ab52956131b33bddb8b47880ee95bf
org.hexworks.cobalt	cobalt.html-js	2020.0.14-PREVIEW		f0910d5a6eb7c73cca8b70c25b02f847e73c51c0
org.ifinal.finalframework.annotation	final-annotation	1.2.0-alpha		N/A
org.kotlincrypto.core	mac-wasm32	0.1.0		N/A
org.kotlincrypto.core	mac-wasm32	0.1.1		N/A
org.kotlincrypto.core	mac-wasm32	0.2.0		N/A
org.kotlincrypto.core	mac-wasm32	0.2.2		N/A
org.kotlincrypto.core	mac-wasm32	0.2.3		N/A
org.kotlincrypto.core	mac-wasm32	0.2.4		N/A
org.kotlincrypto.core	mac-wasm32	0.2.5		N/A
org.kotlincrypto.core	mac-wasm32	0.2.6		N/A
org.kotlincrypto.core	mac-wasm32	0.2.7		N/A
org.kotlincrypto.core	mac-wasm32	0.3.0		N/A
org.l2x6.rpkgtests	repackage-tests-maven-plugin	0.1.0		6e5f57943f00811e21df558448de63b61125a9be
org.mutabilitydetector	MutabilityDetector4FindBugs	0.1		00f2d4b813f55a50afab1d0079489de7f6043d26
org.mutabilitydetector	MutabilityDetector4FindBugs	0.2		c22e9746116fa8063c452ada377c5b0fc4e3fb1b
org.mutabilitydetector	MutabilityDetector4FindBugs	0.2.3		a6a364055a0182c1dfaef6e79b217c47dda09d6a
org.mutabilitydetector	MutabilityDetector4FindBugs	0.9		3dc5d7276d86492793ebd0985e28e8cab0640291
org.mutabilitydetector	MutabilityDetector4FindBugs	0.9.1		98ea2a4a3b05b9a1dcd0a7f64e89c96b350c4c86
org.mutabilitydetector	MutabilityDetector4FindBugs	0.9.3		93e52cd063c9e9d97c6b8000031739d9393143d7
org.mvnpm.at.babel	plugin-transform-regenerator	7.22.10		a3f24f6067ffdddebc1e5f8601d79888fde05482
org.objectweb.util	commandline	1.0		c43ab92730e89b3f95321030c6b876f6b2f2dfab
org.openidentityplatform.openam	openam-cassandra-datastore	14.5.2		73022346d2a7a00abfe89f8934f7f5895773b575
org.openidentityplatform.openam	openam-cassandra-datastore	14.5.3		cf17ed6f07b24000621c1e6bd9e5a2df3603f855
org.openidentityplatform.openam	openam-cassandra-datastore	14.5.4		6743e4ddae711e893e56594ddd2a3514b8dd7398
org.openidentityplatform.openam	openam-cassandra-datastore	14.6.1		646e84714c8d1d54eecd2c5a1db744196fc363df
org.openidentityplatform.openam	openam-cassandra-datastore	14.6.2		a03efd8d7c5e382da225a5d1634bab89e4e0a843
org.openidentityplatform.openam	openam-cassandra-datastore	14.6.3		b06644f060d9423f980c91bd1beecc15247164bd
org.openidentityplatform.openam	openam-cassandra-datastore	14.6.4		d43c489a2912cfc83f48cbaf251cd67d210a9761
org.openidentityplatform.openam	openam-cassandra-datastore	14.6.5		e6d530412159cc9eaab86e7fc2f136458a33fb11
org.openidentityplatform.openam	openam-cassandra-datastore	14.6.6		53562796492e4b9a3d8b9c415cffb4b750fbbad0
org.openidentityplatform.openam	openam-cassandra-datastore	14.7.0		60dfb7147a2a77b35d64e25e953b92800398429f
org.openidentityplatform.openam	openam-cassandra-datastore	14.7.1		2dee5b207cd97f277ce6e0d1fa9efe6df7dca120
org.openidentityplatform.openam	openam-cassandra-datastore	14.7.2		255ef77b4b6885c66df57f4bda4ee54ba76c4a8d
org.openidentityplatform.openam	openam-cassandra-datastore	14.7.3		556206c2e2ed4ce9a96ec9422d60b71e5892468b
org.openidentityplatform.openam	openam-cassandra-datastore	14.7.4		700115f5e2051b62051d86726a8ab3f47f3cb929
org.openidentityplatform.openam	openam-cassandra-datastore	14.8.1		fc7eaec1312353e056e010faec385b788611e8f6
org.openidentityplatform.openam	openam-cassandra-datastore	14.8.2		2da3d77bdcd6a4673099de89ae9ef1944f71edd3
org.openidentityplatform.openam	openam-cassandra-datastore	14.8.3		19077265dcbdbc58598e6f3c005ffa8af8a7e4e2
org.openidentityplatform.openam	openam-cassandra-datastore	14.8.4		e7a567f4fba296d5c6fe97ea83fd1a8e5067d293
org.openidentityplatform.openam	openam-cassandra-datastore	15.0.0		9d258710b8c99eff36809e6463c99fb53fe03713
org.openidentityplatform.openam	openam-cassandra-datastore	15.0.1		b958b1f36431be0b85aaaf2e21643e1d8dd84520
org.openidentityplatform.openam	openam-cassandra-datastore	15.0.2		3312168fc7b413ec4b044811c0530f1b1ac057fb
org.openidentityplatform.openam	openam-cassandra-datastore	15.0.3		78056554a1d169c384a17b75eaac7ea6550a4ce4
org.openidentityplatform.openam	openam-cassandra-datastore	15.0.4		2da11e46c107e6a18478af055b281554fe96a54b
org.openidentityplatform.openam	openam-cassandra-datastore	15.1.0		dc6d3fae30128da4735b5ccc9ffe8fe5cb94a76f
org.openidentityplatform.openam	openam-cassandra-datastore	15.1.1		9f581c90a271669c0e57445e72507a00240a5f9a
org.openidentityplatform.openam	openam-cassandra-datastore	15.1.2		af4102c7ae1730f584394d49aa31ffb3bd063469
org.openidentityplatform.openam	openam-cassandra-datastore	15.1.3		eee81e54eec442ecd76b42299f4d7bd1a42f5e8f
org.openidentityplatform.openam	openam-cassandra-datastore	15.1.4		01604f8f70ff3b144b591c71d6461ee85c9cf128
org.openidentityplatform.openam	openam-cassandra-datastore	15.1.5		cc1346c46fd480dc8a875c36961ee34443b49da0
org.openidentityplatform.openam	openam-cassandra-datastore	15.1.6		4bb39c096a260e33842d96c9151ec2ecd3a8c4de
org.orbisgis	h2spatial	1.0.2		28356fac78d664639ac072469d680647e361cc40
org.orbisgis	h2spatial	1.1.0		16dcf54b26b6149aeff3fe87f690c136e07d06e9
org.orbisgis	h2spatial	1.1.1		104477c799646835bf34f2aef309c68924396be9
org.orbisgis	h2spatial	1.2.0		8526efd292fa7e0c9c60694b9b4483b5fbdcd8dd
org.orbisgis	h2spatial	1.2.2		47791c11565deea07b70fbbcf67cca240315dd51
org.orbisgis	h2spatial	1.2.3		9c72da5238754d623f66fa7eafb79508ca9c440b
org.orbisgis	h2spatial	1.2.4		b9c6f1092602f04ae555f116e98aa364ff8086a6
org.osgi	org.osgi.service.jdbc	1.0.0		c6700a43b970431774a6c2ff73a35c5f9ab0d0d8
org.osgi	org.osgi.service.jdbc	1.0.1		983CA689B17F30E9CC1AA66E9348A4773B62C2B5
org.osgi	org.osgi.service.jdbc	1.1.0		07673601D60C98D876B82530FF4363ED9E428C1E
org.osgi	org.osgi.service.jdbc	1.1.0-RC1		21C35DF8A7A9516ED58C324503DB5C38317F557A
org.rhq	rhq-agent-plugin	1.2.0.Beta1		55cd19ee022aec4beb20e3c648a9dee76f3e960f
org.rhq	rhq-agent-plugin	1.2.0.GA		8a78d58c551591fe8e875ebc03807aae7645d417
org.rhq	rhq-agent-plugin	1.3.0.EmbJopr.1.3.0-4		c6759b1f4fb4fe9b8511b27a6cd675a924b4badf
org.rhq	rhq-agent-plugin	1.3.0.GA		fed49f918c7306a8ca46829e43e36068414f06c1
org.rhq	rhq-agent-plugin	1.4.0.B01		7be87e02104ea8ca57886324590983385adfbde7
org.rhq	rhq-agent-plugin	3.0.0		939f0c22489a0c6274a2fa32780144f010a336b2
org.rhq	rhq-agent-plugin	3.0.0.B04		4f15cc14610e657c34d0f6b8c2e7fdfcc51f5f48
org.rhq	rhq-agent-plugin	3.0.0.B05		a15aa7a7b5142ab98eaa175a89a5b8cd37dacb7f
org.rhq	rhq-agent-plugin	3.0.0.B06		2b58754bfe9ec8a0602f2d0c47c6ca29938119d7
org.rhq	rhq-agent-plugin	3.0.0.EmbJopr2		2735310781862ab904f7fc307f22b666fc191275
org.rhq	rhq-agent-plugin	3.0.0.EmbJopr3		d3135f298b9de751b8f4e4723566046dc0c0fa1e
org.rhq	rhq-agent-plugin	3.0.0.EmbJopr4		c3ef875b176ca350e10cd97d3a5217b48a5763dc
org.rhq	rhq-agent-plugin	3.0.0.EmbJopr5		d388e3e840ab74fc2c034aa115a086c44672be15
org.rhq	rhq-agent-plugin	3.0.1.GA		5b631ae6b7c8c39b69b18648ad69edfc3f79415e
org.rhq	rhq-agent-plugin	4.0.0.B02		504751918c2cf7d42fbfc1d5a5b5e2ac9cd4d03e
org.rhq	rhq-agent-plugin	4.0.0.Beta1		921785667c6ba91dae216224cea73016ceda71a3
org.rhq	rhq-agent-plugin	4.0.1		8ec22a3f229db3099d95b03782496bc15f49b5e8
org.rhq	rhq-agent-plugin	4.10.0		081d8d1402fae22696748d54865b96aa22dce723
org.rhq	rhq-agent-plugin	4.11.0		7a31e0d36d83262f3790a1931ddb4d3764252660
org.rhq	rhq-agent-plugin	4.12.0		4787f61bd8dc2e6f4452dc36287892ca5b01ab7e
org.rhq	rhq-agent-plugin	4.13.0		6ad2819c469042ceba83ed5da9bb4f357443a3d2
org.rhq	rhq-agent-plugin	4.2.0		d45dead16265397a79b336ec633c22e504375d23
org.rhq	rhq-agent-plugin	4.3.0		bbd5a0d91359d2de884927fcd30992581dedc352
org.rhq	rhq-agent-plugin	4.4.0		694d0b1784d04fc5fa47d66649e304b4173faf36
org.rhq	rhq-agent-plugin	4.5.1		9f9a8253547779355d3e36883dde716e00cf9a6d
org.rhq	rhq-agent-plugin	4.6.0		84203fd6e4d5bebff3a440c328fa8fd4537332b7
org.rhq	rhq-agent-plugin	4.7.0		b6e4c58b49172a79251406e9801dacae2ccb4bb1
org.rhq	rhq-agent-plugin	4.8.0		47e69a5ccc35d2810ba49794f50eeb200d7a7815
org.rhq	rhq-agent-plugin	4.9.0		b1ebeb7016a3003b65a81680a2fbdb12293c2034
org.scala-js	scalajs-tools_sjs1.0.0-M1_2.13.0-M1	1.0.0-M1		36cf9fef1fbcbf85ec3d88a45cebf0e6235b7066
org.scalameta	paradise_2.12.6	3.0.0-M11		1b9e3fa7631d5f3e5a460d36d2dfc2e45c195035
org.springframework.cloud.stream.app	wavefront-sink-rabbit	3.0.0		88c163667ec96ce0bcff5a3116d6bb4c4884532d
org.springframework.cloud.stream.app	wavefront-sink-rabbit	3.0.0	metadata	b119e8bc84f0f275e4fd1cc90ceba11779e93c03
org.springframework.cloud.stream.app	wavefront-sink-rabbit	3.0.1		237924d1e13fbb62b6933cf5f4d8c4529581ccdb
org.springframework.cloud.stream.app	wavefront-sink-rabbit	3.0.1	metadata	acc611b987d09706d39c49b604dd695144c8b690
org.springframework.cloud.stream.app	wavefront-sink-rabbit	3.0.2		27d8246170c661f271414b57a75ff5880a75dc3d
org.springframework.cloud.stream.app	wavefront-sink-rabbit	3.0.2	metadata	7ffeaf4d3489b68c3abdb8d7c4a93103068311a0
org.springframework.cloud.stream.app	wavefront-sink-rabbit	3.1.0		6925976d4a11e6376fd43fd22a8061cf0c818aae
org.springframework.cloud.stream.app	wavefront-sink-rabbit	3.1.0	metadata	b3ef31f7577b47e476a269ed2780ec7ed978adf9
org.springframework.cloud.stream.app	wavefront-sink-rabbit	3.1.1		b3df700986b9ab5404012555a5891d72d361fc06
org.springframework.cloud.stream.app	wavefront-sink-rabbit	3.1.1	metadata	5a1d5ef23e8640a0f5c30f501b758133b9a11eca
org.springframework.cloud.stream.app	wavefront-sink-rabbit	3.2.0		63894bf1a415d7145f5cea37fe7c035350b92d62
org.springframework.cloud.stream.app	wavefront-sink-rabbit	3.2.0	metadata	ca8af1b0b69f010dc5dc805aeaaad5bc6f95da43
org.springframework.cloud.stream.app	wavefront-sink-rabbit	3.2.1		acdf67f8f9f4d2f8aef50103df5a45721809181c
org.springframework.cloud.stream.app	wavefront-sink-rabbit	3.2.1	metadata	cfe69548d94a963553b91b9deddb4a71e0ba7fb0
org.springframework.cloud.stream.app	wavefront-sink-rabbit	4.0.0		9b44d28b08e36118ba30d439cbf8c2d10e72ac35
org.springframework.cloud.stream.app	wavefront-sink-rabbit	4.0.0	metadata	733c66942747a721a7718aa8eba5defcbc282d86
org.springframework.cloud.stream.app	wavefront-sink-rabbit	4.0.1		aac046b7bb105d5967f0bd2d2238903380dc0048
org.springframework.cloud.stream.app	wavefront-sink-rabbit	4.0.1	metadata	1bb09756d13dee72cf570cfdb304bc16e0fd25ad
org.springframework.cloud.stream.app	wavefront-sink-rabbit	5.0.0		0d2dc0b0b0275f08da85dda686ca3cc171b69b5e
org.springframework.cloud.stream.app	wavefront-sink-rabbit	5.0.0	metadata	c9e0696e22076efd807db36ff7ce595b626ba588
org.springframework.cloud.stream.app	wavefront-sink-rabbit	5.0.1		27660deb4303403e00458fd61c2999fd299e90ec
org.springframework.cloud.stream.app	wavefront-sink-rabbit	5.0.1	metadata	f733bbc13830af6941538c08748f84a78c6afc91
org.springframework.cloud.stream.app	wavefront-sink-rabbit	5.1.0		0b8c904974af7721c9e3d51554df664d22070657
org.springframework.cloud.stream.app	wavefront-sink-rabbit	5.1.0	metadata	d317c4a40311b994d32af84258bb7cbc77a801ee
org.springframework.roo	org.springframework.roo.file.monitor	1.3.0.RELEASE		8dd3a9ab9907c63a2e5fbc18e1594140b2fe6ae7
org.springframework.roo	org.springframework.roo.file.monitor	1.3.1.RC1		4c3b31c1645890292cc11e4b6a4da52ebc9de54b
org.springframework.roo	org.springframework.roo.file.monitor	1.3.1.RC2		94830036df3c70b9a64f330e5384e15863e74c48
org.springframework.roo	org.springframework.roo.file.monitor	1.3.1.RELEASE		bfeb22e939c340e39e02c805f86aade09bb02a8f
org.springframework.roo	org.springframework.roo.file.monitor	1.3.2.RC1		f8f3b3bd2dede057c3b9f0a8b5a6ab38ab97110e
org.springframework.roo	org.springframework.roo.file.monitor	1.3.2.RELEASE		f3d4c35159894792ec2b2e8fa41c19d5238d9d94
org.springframework.roo	org.springframework.roo.file.monitor	2.0.0.M1		8ef5e7c479c5392813c5863e5db75802f5c0b634
org.springframework.roo	org.springframework.roo.file.monitor	2.0.0.M2		6381fcbbba76e8aef4f597faee204bb84ac0be56
org.springframework.roo	org.springframework.roo.file.monitor	2.0.0.M3		8cc5d6ec0a9236a54165e8d69bf81877380d96da
org.springframework.roo	org.springframework.roo.file.monitor	2.0.0.RC1		9d35678f90a495b92f60dc971beafcb9147370b0
org.springframework.roo	org.springframework.roo.file.monitor	2.0.0.RC2		c1d258aefc394e2647da260fdc4af332d9bbdc7d
org.springframework.roo	org.springframework.roo.file.monitor	2.0.0.RC3		83963ed8dafb2562dc9ab71212890d8bc04fce21
org.springframework.roo	org.springframework.roo.file.monitor	2.0.0.RELEASE		e5abcfcb79c8f3f4d02ea8ae71564e9b23c41344
org.testcontainers	postgresql	0.9.6		04786ad964cb4029e1c960ed2be60cad7c1631c2
org.testcontainers	postgresql	0.9.7		ee11cf2538c7e02fb28e5a37009fec48d66f9262
org.testcontainers	postgresql	0.9.8		9f2ee6d0e7d371f7d6591b1f4ff00f9d00ca629e
org.testcontainers	postgresql	0.9.9		b720e7233f836e79d9417af88b33eaa32858998d
org.testcontainers	postgresql	1.0.0		85c8941d851a54fbd14625b17860085d49d9e708
org.testcontainers	postgresql	1.0.1		c208488dba3b6ac766568ea7726775daca9dd692
org.testcontainers	postgresql	1.0.2		24f08d46a68ebb75b49eb357ca7c55efa098a2d6
org.testcontainers	postgresql	1.0.3		2abfcd0c9a21bf4b10131c5f9abf5138b5fe5303
org.testcontainers	postgresql	1.0.4		38f0e9efff8d1590a628314c72138ac00520b20c
org.testcontainers	postgresql	1.0.5		51084a941760ea2b6fb23d16aaa8b0e54ca219d6
org.testcontainers	postgresql	1.1.0		018561c80a32bae59ee5c327a55a5ccca09a91c0
org.testcontainers	postgresql	1.1.1		9af5b20327f4ccea47bc2b8ecf9adf51cd6333c6
org.testcontainers	postgresql	1.1.2		565cc7a5aef2bbfd1ce6b7c50fa84263fc40797c
org.testcontainers	postgresql	1.1.3		bd9f61db30f15f6ccd3c8effa3375497a7a8ca57
org.testcontainers	postgresql	1.1.4		d2673856ada084233da369add6994f16d27d00d9
org.testcontainers	postgresql	1.1.5		72d52ae495e70f8360f0e5565554822debdc718f
org.testcontainers	postgresql	1.1.6		27ef89d498193722241b15f3685da9470fd1e1cb
org.testcontainers	postgresql	1.1.7		620c23412212beb56dfb9cf1410c1bd5f1351324
org.testcontainers	postgresql	1.1.8		a967a1e8754f8df96de6605c8be44d1bdccd0da0
org.testcontainers	postgresql	1.1.9		58ef0cb9aaa0c3144cb2b54cbd96cbdb952cc797
org.testcontainers	postgresql	1.10.0		b151e7f42bd91cf7df169a6e9d32e1f8c25a69ac
org.testcontainers	postgresql	1.10.1		c4b0fd0a8c6e69d0ff995050fb8bd722849b3f54
org.testcontainers	postgresql	1.10.2		813f89a949e8e79b26fa29dc2db466a8d0881303
org.testcontainers	postgresql	1.10.3		60d499bdbdb565be592cf93b13278ad67e02228c
org.testcontainers	postgresql	1.10.4		534d88908c916626909c919395cba15789174d5d
org.testcontainers	postgresql	1.10.5		833730295c1cafc90c8f8e4d8ca926a42c15ee38
org.testcontainers	postgresql	1.10.6		a73d73b200b60da821745acca2785874ae65e5b9
org.testcontainers	postgresql	1.10.7		5c7d9547386112bdab5fd810358067eeffdb9fbd
org.testcontainers	postgresql	1.11.0		d233e591d339b0c18aed7691d1a9cf000ee53e63
org.testcontainers	postgresql	1.11.1		cd2dc98053b50e743fb0e3a1aac2b069d77da066
org.testcontainers	postgresql	1.11.2		a48ea341efa0ec078ae4a717459252aebc7bff5d
org.testcontainers	postgresql	1.11.3		71fb8263da71eeaadc97f628777336b84545ae12
org.testcontainers	postgresql	1.11.4		e77902863fc004130e933f1c6042bb52db47857b
org.testcontainers	postgresql	1.12.0		6d8c31394aa019f4dc6b19de39556cce4bc551c4
org.testcontainers	postgresql	1.12.1		cfc1a094806eb88706170fbb1dff44e2c5060584
org.testcontainers	postgresql	1.12.2		1db2aab20d30f39d24fc3c7ec6ed59a1a5e419a9
org.testcontainers	postgresql	1.12.3		946fc6dc021b0b760da3fd005d2fd871fce10be4
org.testcontainers	postgresql	1.12.4		4c3758244ec33ad2aee885fb204bb73ab586a244
org.testcontainers	postgresql	1.12.5		63d989e245505da88f732d69f7267d4a6e400c4d
org.testcontainers	postgresql	1.13.0		95d3232e8c631c978357d5b35abfebe25b197424
org.testcontainers	postgresql	1.14.0		3afea4bb709f4f4e85bf319aae6bce1852c5a98f
org.testcontainers	postgresql	1.14.1		3ee517af68a779ffca188fb2306163f94d69b347
org.testcontainers	postgresql	1.14.2		e1fa458977925a36b161ccc7f184c47a2c8544d6
org.testcontainers	postgresql	1.14.3		08844cf0cb612047a1b632e1b64b25fe58dc4083
org.testcontainers	postgresql	1.15.0		25daf6c0dd1d52e4a1b899c5b3e07b71d382c7ba
org.testcontainers	postgresql	1.15.0-rc1		74bb7d9052fde4830dc7890c3749ec57404a3667
org.testcontainers	postgresql	1.15.0-rc2		5e20e984e2bef63fb844f6d8e942a8a03066a4bf
org.testcontainers	postgresql	1.15.1		dc8f763e6307bee635adfc6c31aebd7092215d6d
org.testcontainers	postgresql	1.15.2		bc77b15179d1cef6d6c00b8585fdf019037b54f6
org.testcontainers	postgresql	1.15.3		47d181885af4e3d3e2f775bd904e73f2210c9be0
org.testcontainers	postgresql	1.16.0		ff004be81a0bf47782f8aea1850e75d9ff6d6947
org.testcontainers	postgresql	1.16.1		83c0485f90284d0aef5eed0c1f3a78cafa54a886
org.testcontainers	postgresql	1.16.2		83c0485f90284d0aef5eed0c1f3a78cafa54a886
org.testcontainers	postgresql	1.16.3		23f907db8b3a2ffb7e716a4b181bbdbff56db790
org.testcontainers	postgresql	1.17.0		32b01a090a2dc9167f53267f3896c69987358fcd
org.testcontainers	postgresql	1.17.1		cd8ab67e56a21dfa8601f93b5dfb8882f04179af
org.testcontainers	postgresql	1.17.2		ad9bb3d94e9364951a07c1e93931f8d3be027f86
org.testcontainers	postgresql	1.17.3		cb3356f83648187af6c60cf12144999be3a9a3b7
org.testcontainers	postgresql	1.17.4		98390729f6e562b6d3b45a68b383584217ca8219
org.testcontainers	postgresql	1.17.5		18a70d8a92aa22293118b7c405e91c9fb52ed9d8
org.testcontainers	postgresql	1.17.6		cd8aba02d8d46159ab85535d34a1e4217322f9a5
org.testcontainers	postgresql	1.18.0		31e56e9e7308bfb11d5c5dbb1f4bf789d241f6e1
org.testcontainers	postgresql	1.18.1		0eaf90cbb62825846a72f3ce72c49ddf083b162c
org.testcontainers	postgresql	1.18.2		78bf8684034bcc841c5b90a0fe4b2146a5123d92
org.testcontainers	postgresql	1.18.3		ebe56dee446a30070923cd272c86a4dbc4f591d1
org.testcontainers	postgresql	1.19.0		14ae2c1ad50e26b97d82f9d5cccc4dfd232ee959
org.testcontainers	postgresql	1.19.1		ac7c21ffe1191e9abf49f20e7fddf4c7a74f8ecd
org.testcontainers	postgresql	1.19.2		204c011f4ae837c0aeb0d5ca20cbc711f26069d7
org.testcontainers	postgresql	1.19.3		3083892c26c8dc7ce15a51450b8deeaf88185258
org.testcontainers	postgresql	1.19.4		39d3f5b3cc41d16fcd8808cd6a4198eff3309e9f
org.testcontainers	postgresql	1.19.5		7ad38b952891f2dec9688b4e5fdd815c3acc4ca3
org.testcontainers	postgresql	1.19.6		0aa752feaeea24bc5e1e9c37519dd74dd9b2ddc9
org.testcontainers	postgresql	1.19.7		49f0bfb900aebd252b4744f0150e8b49330c8734
org.testcontainers	postgresql	1.19.8		7ebf9f169effcedbf97a52d0ec1e75f62a51df76
org.testcontainers	postgresql	1.2.0		0402f57b5ab47af457c13e5aa714ef04d05b9304
org.testcontainers	postgresql	1.2.1		cb4dd7770eeb8cb12e4afddf1bb592dfe2c62125
org.testcontainers	postgresql	1.20.0		0e5f26fb9b529ff1a6e49061036a2e97a76bd06d
org.testcontainers	postgresql	1.20.1		378d1d36bea0457c8c92aad7106d027479116916
org.testcontainers	postgresql	1.20.2		74bb279017f3a00f0fb4fbd0a1c54122c49c2c4e
org.testcontainers	postgresql	1.20.3		0c55c811741bfd763e36528941c7558ec14267ab
org.testcontainers	postgresql	1.20.4		7bf58e70ccbfda3761382148b3ddefd7757f887b
org.testcontainers	postgresql	1.20.5		7f4740f1e100dbd6cf02dba2297bbafb80d81e97
org.testcontainers	postgresql	1.20.6		7f4740f1e100dbd6cf02dba2297bbafb80d81e97
org.testcontainers	postgresql	1.21.0		999165bab888e16a5c6e640803efdf5473a9bfa4
org.testcontainers	postgresql	1.3.0		8c54b7d413967fa3af41f9e61c4db3b9f80278db
org.testcontainers	postgresql	1.3.1		181795804e95560315b0cb4498f12ca9779b3814
org.testcontainers	postgresql	1.4.0		901b97f2afa2858584a1367be1617903da0b33c3
org.testcontainers	postgresql	1.4.1		7f9fae983c131d3cb03d8b5f73d4f89df36f40f3
org.testcontainers	postgresql	1.4.2		c41dabb59da2781c26a98a7ab47b215e1d385e25
org.testcontainers	postgresql	1.4.3		099fe8bbda06182b32d448e978ff2f9b520f3b08
org.testcontainers	postgresql	1.5.0		0e0440e371101f2362c855947c718d556030050b
org.testcontainers	postgresql	1.5.1		2bbc46a73b0bbff4f2515b6bd49fc267381a6f34
org.testcontainers	postgresql	1.6.0		2e51aa78c3ea5066d9a2eab467d4b49eb44ed9cb
org.testcontainers	postgresql	1.7.0		e16d2fd7e97962c04b390210f521a0e37f1529a8
org.testcontainers	postgresql	1.7.1		76fb19a1ce47392bae7cf47636a8c8536aa0f242
org.testcontainers	postgresql	1.7.2		0c5bec05ca5bad980044470e474dd3aac219e74e
org.testcontainers	postgresql	1.7.3		75fcc00250769a3cc696082c1d51b0e1106cff9a
org.testcontainers	postgresql	1.8.0		0159b8c5a1f013f7183d90efff591d85b9946108
org.testcontainers	postgresql	1.8.1		fbe4b6673264335a83232f13819606231f9d8a68
org.testcontainers	postgresql	1.8.2		cc87bc908eab7eb5a39adb512cea0f9a004032b4
org.testcontainers	postgresql	1.8.3		4fe6a232592a6522f1c7493cbd40b6acfee01673
org.testcontainers	postgresql	1.9.0		89b7241e31ca8df8165938041222cfbd343c2901
org.testcontainers	postgresql	1.9.1		e5ea268a22ab8efc73ea2152179864e9aa2d0182
org.webjars.bower	filesaver	1.3.2		1494765555b4bdb9ff37efe366c22d344cea0c4d
org.webjars.bower	filesaver	1.3.3		fcb7c03283bf8b0856248b8eb409f23569800fa4
org.webjars.bower	filesaver	1.3.7		118b341bdde3b39caffc31b55a803aeacbce5ce9
org.webjars.bower	filesaver	1.3.8		c41d32f3c3f0c21b2575e18581678702eb7548dc
org.webjars.bower	filesaver	2.0.2		577ab53c88eaaa744b5092ce4703961c4a7cefe3
org.webjars.bower	filesaver	2.0.4		bbaf4908bf286ad18b0cca9b8850eddd32aa5c7e
org.webjars.npm	fontsource__montserrat	4.5.14		6d046b9d8d479bb617fa06181f83fe9d21634424
org.webjars.npm	twilio__audioplayer	1.0.6		a5a0d0760aec4516b5d69047f73e306e4b064c1d
org.webjars.npm	utf8-bytes	0.0.1		5822b37c6d5aeafa85abf96a0ef183f4c14fb004
ru.primetalk	synapse-grid-concurrent_2.10	1.3.2		fdd3a0c8295782e521e236810aeeb020099f5b6c
ru.primetalk	synapse-grid-concurrent_2.10	1.3.4		852a400e6e30d34a89e25c9a97ecfe561c34159f
ru.primetalk	synapse-grid-concurrent_2.10	1.3.5		d67cc02e884a7611c58ceba4728aa0447238875d
ru.primetalk	synapse-grid-concurrent_2.10	1.3.8		5d38419a0a12b27a9976581993c55439f69f3d2f
ru.primetalk	synapse-grid-concurrent_2.10	1.4.0		21dc87e08144f1f4fb57efdd7444571864acdbfc
ru.primetalk	synapse-grid-concurrent_2.10	1.4.2		33891285c65c7326ab89ed08d72db1877aa4aca3
ru.primetalk	synapse-grid-concurrent_2.10	1.4.3		d59f1df025a9ed63a545d003bab691def923f81b
ru.primetalk	synapse-grid-concurrent_2.10	1.4.4		03a24089af931dbca149083d9a5d6d6613ec0e2f
systems.uom	systems-unicode-java8	0.3		ab9abdeb5b58d83c3579f9fa85e7a46a760ec9f4
systems.uom	systems-unicode-java8	0.4		966b339076e4fc9998802444e4fea3d8e98fdc6a
systems.uom	systems-unicode-java8	0.5		2fbe87de7f292f1b3d1a70007890de7882fe2659
systems.uom	systems-unicode-java8	0.6		7d322526d5cc057812b4e0f5210cab3295460911
systems.uom	systems-unicode-java8	0.7		3a12aabeaafff2520d662aadd2e859194c3f5248
systems.uom	systems-unicode-java8	0.7.1		b16ea81c1a2cfbf1666a3a025e66362355c9ecc9
systems.uom	systems-unicode-java8	0.7.2		bf8ef403c6ec0e767da0dc289c382aad0a42943d
systems.uom	systems-unicode-java8	0.8		d2dde07ac1964a7b29394db29468c32b10f54a1b
systems.uom	systems-unicode-java8	0.9		f770a4456a75eab2b581981443f6d29edf2f7b95
systems.uom	systems-unicode-java8	1.0		795f89477748e45e100b2a5420a3653b9813b976
top.redscorpion.generator	redscorpion-generator-set-vue	0.0.1		36e53dacfe69c1f73191478800bb2562d286c1c6
top.redscorpion.generator	redscorpion-generator-set-vue	0.0.2		c55b0505ec05a063bb19ee6f3bea2dbbe1de92cb
top.redscorpion.generator	redscorpion-generator-set-vue	0.0.3		76f483b6cf6394395c00affaa6fb78818c692ccc
top.redscorpion.generator	redscorpion-generator-set-vue	0.0.4		df63f344732442cf6d3999d9e0d3c7d66ff0378b
top.redscorpion.generator	redscorpion-generator-set-vue	0.0.5		f8151c477751e6e0beef477a1a1dbb1a84ddc6d5
top.redscorpion.generator	redscorpion-generator-set-vue	0.2.0		847a5a2a97dc56bf478544bf3f35b5995d8f9db0
tz.co.asoft	koncurrent-executors-mock-macosarm64	2.0.16		N/A
tz.co.asoft	koncurrent-executors-mock-macosarm64	2.0.16	metadata	359617efe41282d899f37ba7fa60be8f53e4a6e7
tz.co.asoft	koncurrent-executors-mock-macosarm64	2.0.17		N/A
tz.co.asoft	koncurrent-executors-mock-macosarm64	2.0.17	metadata	f6201d45562dd658900746b6be3337d2af432fb0
tz.co.asoft	koncurrent-executors-mock-macosarm64	2.0.18		N/A
tz.co.asoft	koncurrent-executors-mock-macosarm64	2.0.18	metadata	6283a81fbe8e9d28b754ff5e6aa33661baab6a59
tz.co.asoft	koncurrent-executors-mock-macosarm64	3.0.1		N/A
tz.co.asoft	koncurrent-executors-mock-macosarm64	3.0.1	metadata	aea77df9bfc71507f8f350f4b4e84a69eb7aa70b
tz.co.asoft	koncurrent-executors-mock-macosarm64	3.0.11		N/A
tz.co.asoft	koncurrent-executors-mock-macosarm64	3.0.11	metadata	016b815179b077fe79aedd1cfffff085ebabd6be
tz.co.asoft	koncurrent-executors-mock-macosarm64	3.0.12		N/A
tz.co.asoft	koncurrent-executors-mock-macosarm64	3.0.12	metadata	51105fc941fc43990251038eae32d356a8f1756b
tz.co.asoft	koncurrent-executors-mock-macosarm64	3.0.13		N/A
tz.co.asoft	koncurrent-executors-mock-macosarm64	3.0.13	metadata	3e4f7a98f6d744a77c28649c7f24123d1d8e17e4
tz.co.asoft	koncurrent-executors-mock-macosarm64	3.0.14		N/A
tz.co.asoft	koncurrent-executors-mock-macosarm64	3.0.14	metadata	a3d03eb74e821ddd3736a7c7d518b32c93e2f452
tz.co.asoft	koncurrent-executors-mock-macosarm64	3.0.15		N/A
tz.co.asoft	koncurrent-executors-mock-macosarm64	3.0.15	metadata	0a3d972319d11149e75247fb3cde4e1dd3e5a1e9
tz.co.asoft	koncurrent-executors-mock-macosarm64	3.0.2		N/A
tz.co.asoft	koncurrent-executors-mock-macosarm64	3.0.2	metadata	88120ac9d296c5161e216e5e0358e5bac4df91a0
tz.co.asoft	koncurrent-executors-mock-macosarm64	3.0.3		N/A
tz.co.asoft	koncurrent-executors-mock-macosarm64	3.0.3	metadata	ca1023c369b9cb5f439fc86a0b30faf82c868858
tz.co.asoft	koncurrent-executors-mock-macosarm64	3.0.4		N/A
tz.co.asoft	koncurrent-executors-mock-macosarm64	3.0.4	metadata	10473044bfb3526c3171ff26b57ebd951adbfb2f
tz.co.asoft	koncurrent-executors-mock-macosarm64	3.0.5		N/A
tz.co.asoft	koncurrent-executors-mock-macosarm64	3.0.5	metadata	8472f2ae1fe5cc5cdeafc5a6bc464bd8bd510b9f
tz.co.asoft	koncurrent-executors-mock-macosarm64	3.0.6		N/A
tz.co.asoft	koncurrent-executors-mock-macosarm64	3.0.6	metadata	8e3fb8ea5bc13be662dc217348f27b4724129b9b
tz.co.asoft	koncurrent-executors-mock-macosarm64	3.0.7		N/A
tz.co.asoft	koncurrent-executors-mock-macosarm64	3.0.7	metadata	22c24ad21724d88b5d6791fda02d60f8b13fd8d5
tz.co.asoft	koncurrent-executors-mock-macosarm64	3.0.8		N/A
tz.co.asoft	koncurrent-executors-mock-macosarm64	3.0.8	metadata	e7998bb1d2d50ccd0a922c350254872398ab7d7e
tz.co.asoft	koncurrent-executors-mock-macosarm64	3.0.9		N/A
tz.co.asoft	koncurrent-executors-mock-macosarm64	3.0.9	metadata	2dff36801d184dca4788ac40684591024662b39a
tz.co.asoft	koncurrent-executors-mock-macosarm64	3.1.0	metadata	c44e30d435f784d412f94f1badcdbed6a8a50fd3
tz.co.asoft	koncurrent-executors-mock-macosarm64	3.1.1	metadata	551a00a6a961829ab20a7e447187570f0dc43364
tz.co.asoft	koncurrent-executors-mock-macosarm64	3.1.11	metadata	fab547f716ae376bff8d86386c58d42af9c7d216
tz.co.asoft	koncurrent-executors-mock-macosarm64	3.1.12	metadata	b1f3fb59f6badf225085f28d829a5fe35548396a
wang.harlon.quickjs	wrapper	0.0.1		N/A
wang.harlon.quickjs	wrapper	0.0.10		N/A
wang.harlon.quickjs	wrapper	0.0.11		N/A
wang.harlon.quickjs	wrapper	0.0.12		N/A
wang.harlon.quickjs	wrapper	0.0.13		N/A
wang.harlon.quickjs	wrapper	0.0.14		N/A
wang.harlon.quickjs	wrapper	0.0.15		N/A
wang.harlon.quickjs	wrapper	0.0.16		N/A
wang.harlon.quickjs	wrapper	0.0.17		N/A
wang.harlon.quickjs	wrapper	0.0.18		N/A
wang.harlon.quickjs	wrapper	0.0.2		N/A
wang.harlon.quickjs	wrapper	0.0.20		N/A
wang.harlon.quickjs	wrapper	0.0.21		N/A
wang.harlon.quickjs	wrapper	0.0.22		N/A
wang.harlon.quickjs	wrapper	0.0.23		N/A
wang.harlon.quickjs	wrapper	0.0.24		N/A
wang.harlon.quickjs	wrapper	0.0.24-alpha-1		N/A
wang.harlon.quickjs	wrapper	0.0.24-alpha-2		N/A
wang.harlon.quickjs	wrapper	0.0.24-alpha-3		N/A
wang.harlon.quickjs	wrapper	0.0.24-alpha-4		N/A
wang.harlon.quickjs	wrapper	0.0.25-alpha-1		N/A
wang.harlon.quickjs	wrapper	0.0.25-alpha-2		N/A
wang.harlon.quickjs	wrapper	0.0.3		N/A
wang.harlon.quickjs	wrapper	0.0.4		N/A
wang.harlon.quickjs	wrapper	0.0.5		N/A
wang.harlon.quickjs	wrapper	0.0.6		N/A
wang.harlon.quickjs	wrapper	0.0.7		N/A
wang.harlon.quickjs	wrapper	0.0.8		N/A
wang.harlon.quickjs	wrapper	0.0.9		N/A
wang.harlon.quickjs	wrapper	0.1.0		N/A
wang.harlon.quickjs	wrapper	0.1.0-alpha-1		N/A
wang.harlon.quickjs	wrapper	0.1.0-alpha-2		N/A
wang.harlon.quickjs	wrapper	0.1.0-alpha-3		N/A
